### obs_id,timestart,timeend,valor,timeupdate
679906,1/1/05 04:00,1/1/05 04:00,3.72,25:57.1
679918,1/2/05 04:00,1/2/05 04:00,3.7,25:57.1
679930,1/3/05 04:00,1/3/05 04:00,3.67,25:57.1
679942,1/4/05 04:00,1/4/05 04:00,3.66,25:57.1
679954,1/5/05 04:00,1/5/05 04:00,3.65,25:57.1
679966,1/6/05 04:00,1/6/05 04:00,3.63,25:57.1
679980,1/7/05 04:00,1/7/05 04:00,3.61,25:57.1
679992,1/8/05 04:00,1/8/05 04:00,3.58,25:57.1
680004,1/9/05 04:00,1/9/05 04:00,3.57,25:57.1
680016,1/10/05 04:00,1/10/05 04:00,3.55,25:57.1
680028,1/11/05 04:00,1/11/05 04:00,3.55,25:57.1
680040,1/12/05 04:00,1/12/05 04:00,3.58,25:57.1
680052,1/13/05 04:00,1/13/05 04:00,3.55,25:57.1
680064,1/14/05 04:00,1/14/05 04:00,3.5,25:57.1
680076,1/15/05 04:00,1/15/05 04:00,3.48,25:57.1
680088,1/16/05 04:00,1/16/05 04:00,3.49,25:57.1
680100,1/17/05 04:00,1/17/05 04:00,3.44,25:57.1
680112,1/18/05 04:00,1/18/05 04:00,3.42,25:57.1
680124,1/19/05 04:00,1/19/05 04:00,3.38,25:57.1
680138,1/20/05 04:00,1/20/05 04:00,3.38,25:57.1
680150,1/21/05 04:00,1/21/05 04:00,3.32,25:57.1
680162,1/22/05 04:00,1/22/05 04:00,3.32,25:57.1
680174,1/23/05 04:00,1/23/05 04:00,3.31,25:57.1
680186,1/24/05 04:00,1/24/05 04:00,3.24,25:57.1
680198,1/25/05 04:00,1/25/05 04:00,3.2,25:57.1
680210,1/26/05 04:00,1/26/05 04:00,3.16,25:57.1
680222,1/27/05 04:00,1/27/05 04:00,3.24,25:57.1
680234,1/28/05 04:00,1/28/05 04:00,3.25,25:57.1
680246,1/29/05 04:00,1/29/05 04:00,3.24,25:57.1
680257,1/30/05 04:00,1/30/05 04:00,3.22,25:57.1
680268,1/31/05 04:00,1/31/05 04:00,3.24,25:57.1
679907,2/1/05 04:00,2/1/05 04:00,3.28,25:57.1
679919,2/2/05 04:00,2/2/05 04:00,3.43,25:57.1
679931,2/3/05 04:00,2/3/05 04:00,3.5,25:57.1
679943,2/4/05 04:00,2/4/05 04:00,3.52,25:57.1
679955,2/5/05 04:00,2/5/05 04:00,3.52,25:57.1
679967,2/6/05 04:00,2/6/05 04:00,3.54,25:57.1
679981,2/7/05 04:00,2/7/05 04:00,3.55,25:57.1
679993,2/8/05 04:00,2/8/05 04:00,3.58,25:57.1
680005,2/9/05 04:00,2/9/05 04:00,3.64,25:57.1
680017,2/10/05 04:00,2/10/05 04:00,3.7,25:57.1
680029,2/11/05 04:00,2/11/05 04:00,3.73,25:57.1
680041,2/12/05 04:00,2/12/05 04:00,3.8,25:57.1
680053,2/13/05 04:00,2/13/05 04:00,3.85,25:57.1
680065,2/14/05 04:00,2/14/05 04:00,3.9,25:57.1
680077,2/15/05 04:00,2/15/05 04:00,3.94,25:57.1
680089,2/16/05 04:00,2/16/05 04:00,4,25:57.1
680101,2/17/05 04:00,2/17/05 04:00,4,25:57.1
680113,2/18/05 04:00,2/18/05 04:00,4.01,25:57.1
680125,2/19/05 04:00,2/19/05 04:00,4.05,25:57.1
680139,2/20/05 04:00,2/20/05 04:00,4.07,25:57.1
680151,2/21/05 04:00,2/21/05 04:00,4.07,25:57.1
680163,2/22/05 04:00,2/22/05 04:00,4.1,25:57.1
680175,2/23/05 04:00,2/23/05 04:00,4.09,25:57.1
680187,2/24/05 04:00,2/24/05 04:00,4.12,25:57.1
680199,2/25/05 04:00,2/25/05 04:00,4.1,25:57.1
680211,2/26/05 04:00,2/26/05 04:00,4.1,25:57.1
680223,2/27/05 04:00,2/27/05 04:00,4.1,25:57.1
680235,2/28/05 04:00,2/28/05 04:00,4.1,25:57.1
679908,3/1/05 12:00,3/1/05 12:00,4.11,25:57.1
679920,3/2/05 12:00,3/2/05 12:00,4.12,25:57.1
679932,3/3/05 12:00,3/3/05 12:00,4.1,25:57.1
679944,3/4/05 12:00,3/4/05 12:00,4.06,25:57.1
679956,3/5/05 12:00,3/5/05 12:00,4.02,25:57.1
679968,3/6/05 12:00,3/6/05 12:00,3.95,25:57.1
679982,3/7/05 12:00,3/7/05 12:00,3.88,25:57.1
679994,3/8/05 12:00,3/8/05 12:00,3.8,25:57.1
680006,3/9/05 12:00,3/9/05 12:00,3.7,25:57.1
680018,3/10/05 12:00,3/10/05 12:00,3.69,25:57.1
680030,3/11/05 12:00,3/11/05 12:00,3.63,25:57.1
680042,3/12/05 12:00,3/12/05 12:00,3.5,25:57.1
680054,3/13/05 12:00,3/13/05 12:00,3.5,25:57.1
680066,3/14/05 12:00,3/14/05 12:00,3.53,25:57.1
680078,3/15/05 12:00,3/15/05 12:00,3.5,25:57.1
680090,3/16/05 12:00,3/16/05 12:00,3.5,25:57.1
680102,3/17/05 12:00,3/17/05 12:00,3.5,25:57.1
680114,3/18/05 12:00,3/18/05 12:00,3.45,25:57.1
680126,3/19/05 12:00,3/19/05 12:00,3.4,25:57.1
680140,3/20/05 12:00,3/20/05 12:00,3.4,25:57.1
680152,3/21/05 12:00,3/21/05 12:00,3.4,25:57.1
680164,3/22/05 12:00,3/22/05 12:00,3.32,25:57.1
680176,3/23/05 12:00,3/23/05 12:00,3.3,25:57.1
680188,3/24/05 12:00,3/24/05 12:00,3.3,25:57.1
680200,3/25/05 12:00,3/25/05 12:00,3.24,25:57.1
680212,3/26/05 12:00,3/26/05 12:00,3.19,25:57.1
680224,3/27/05 12:00,3/27/05 12:00,3.1,25:57.1
680236,3/28/05 12:00,3/28/05 12:00,3,25:57.1
680247,3/29/05 12:00,3/29/05 12:00,2.95,25:57.1
680258,3/30/05 12:00,3/30/05 12:00,2.9,25:57.1
680269,3/31/05 12:00,3/31/05 12:00,2.9,25:57.1
679909,4/1/05 12:00,4/1/05 12:00,3,25:57.1
679921,4/2/05 12:00,4/2/05 12:00,2.92,25:57.1
679933,4/3/05 12:00,4/3/05 12:00,2.85,25:57.1
679945,4/4/05 12:00,4/4/05 12:00,2.8,25:57.1
679957,4/5/05 12:00,4/5/05 12:00,2.7,25:57.1
679969,4/6/05 12:00,4/6/05 12:00,2.6,25:57.1
679983,4/7/05 12:00,4/7/05 12:00,2.5,25:57.1
679995,4/8/05 12:00,4/8/05 12:00,2.53,25:57.1
680007,4/9/05 12:00,4/9/05 12:00,2.5,25:57.1
680019,4/10/05 12:00,4/10/05 12:00,2.49,25:57.1
680031,4/11/05 12:00,4/11/05 12:00,2.48,25:57.1
680043,4/12/05 12:00,4/12/05 12:00,2.5,25:57.1
680055,4/13/05 12:00,4/13/05 12:00,2.7,25:57.1
680067,4/14/05 12:00,4/14/05 12:00,2.84,25:57.1
680079,4/15/05 12:00,4/15/05 12:00,3,25:57.1
680091,4/16/05 12:00,4/16/05 12:00,3.11,25:57.1
680103,4/17/05 12:00,4/17/05 12:00,3.2,25:57.1
680115,4/18/05 12:00,4/18/05 12:00,3.2,25:57.1
680127,4/19/05 12:00,4/19/05 12:00,3.19,25:57.1
680141,4/20/05 12:00,4/20/05 12:00,3.2,25:57.1
680153,4/21/05 12:00,4/21/05 12:00,3.3,25:57.1
680165,4/22/05 12:00,4/22/05 12:00,3.32,25:57.1
680177,4/23/05 12:00,4/23/05 12:00,3.31,25:57.1
680189,4/24/05 12:00,4/24/05 12:00,3.31,25:57.1
680201,4/25/05 12:00,4/25/05 12:00,3.25,25:57.1
680213,4/26/05 12:00,4/26/05 12:00,3.3,25:57.1
680225,4/27/05 12:00,4/27/05 12:00,3.3,25:57.1
680237,4/28/05 12:00,4/28/05 12:00,3.2,25:57.1
680248,4/29/05 12:00,4/29/05 12:00,3.24,25:57.1
680259,4/30/05 12:00,4/30/05 12:00,3.18,25:57.1
679910,5/1/05 12:00,5/1/05 12:00,3.15,25:57.1
679922,5/2/05 12:00,5/2/05 12:00,3.11,25:57.1
679934,5/3/05 12:00,5/3/05 12:00,3.07,25:57.1
679946,5/4/05 12:00,5/4/05 12:00,3,25:57.1
679958,5/5/05 12:00,5/5/05 12:00,2.99,25:57.1
679970,5/6/05 12:00,5/6/05 12:00,2.89,25:57.1
679984,5/7/05 12:00,5/7/05 12:00,2.92,25:57.1
679996,5/8/05 12:00,5/8/05 12:00,2.93,25:57.1
680008,5/9/05 12:00,5/9/05 12:00,2.87,25:57.1
680020,5/10/05 12:00,5/10/05 12:00,2.81,25:57.1
680032,5/11/05 12:00,5/11/05 12:00,2.73,25:57.1
680044,5/12/05 12:00,5/12/05 12:00,2.66,25:57.1
680056,5/13/05 12:00,5/13/05 12:00,2.65,25:57.1
680068,5/14/05 12:00,5/14/05 12:00,2.6,25:57.1
680080,5/15/05 12:00,5/15/05 12:00,2.64,25:57.1
680092,5/16/05 12:00,5/16/05 12:00,2.67,25:57.1
680104,5/17/05 12:00,5/17/05 12:00,2.66,25:57.1
680116,5/18/05 12:00,5/18/05 12:00,2.65,25:57.1
680128,5/19/05 12:00,5/19/05 12:00,2.6,25:57.1
680142,5/20/05 12:00,5/20/05 12:00,2.6,25:57.1
680154,5/21/05 12:00,5/21/05 12:00,2.58,25:57.1
680166,5/22/05 12:00,5/22/05 12:00,2.56,25:57.1
680178,5/23/05 12:00,5/23/05 12:00,2.6,25:57.1
680190,5/24/05 12:00,5/24/05 12:00,2.6,25:57.1
680202,5/25/05 12:00,5/25/05 12:00,2.65,25:57.1
680214,5/26/05 12:00,5/26/05 12:00,2.7,25:57.1
680226,5/27/05 12:00,5/27/05 12:00,2.78,25:57.1
680238,5/28/05 12:00,5/28/05 12:00,2.85,25:57.1
680249,5/29/05 12:00,5/29/05 12:00,2.9,25:57.1
680260,5/30/05 12:00,5/30/05 12:00,2.91,25:57.1
680270,5/31/05 12:00,5/31/05 12:00,2.95,25:57.1
679911,6/1/05 12:00,6/1/05 12:00,3.01,25:57.1
679923,6/2/05 12:00,6/2/05 12:00,3.05,25:57.1
679935,6/3/05 12:00,6/3/05 12:00,3.08,25:57.1
679947,6/4/05 12:00,6/4/05 12:00,3.1,25:57.1
679959,6/5/05 12:00,6/5/05 12:00,3.12,25:57.1
679971,6/6/05 12:00,6/6/05 12:00,3.11,25:57.1
679985,6/7/05 12:00,6/7/05 12:00,3.19,25:57.1
679997,6/8/05 12:00,6/8/05 12:00,3.21,25:57.1
680009,6/9/05 12:00,6/9/05 12:00,3.17,25:57.1
680021,6/10/05 12:00,6/10/05 12:00,3.23,25:57.1
680033,6/11/05 12:00,6/11/05 12:00,3.28,25:57.1
680045,6/12/05 12:00,6/12/05 12:00,3.2,25:57.1
680057,6/13/05 12:00,6/13/05 12:00,3.23,25:57.1
680069,6/14/05 12:00,6/14/05 12:00,3.21,25:57.1
680081,6/15/05 12:00,6/15/05 12:00,3.2,25:57.1
680093,6/16/05 12:00,6/16/05 12:00,3.21,25:57.1
680105,6/17/05 12:00,6/17/05 12:00,3.19,25:57.1
680117,6/18/05 12:00,6/18/05 12:00,3.1,25:57.1
680131,6/19/05 12:00,6/19/05 12:00,3.09,25:57.1
680143,6/20/05 12:00,6/20/05 12:00,3.05,25:57.1
680155,6/21/05 12:00,6/21/05 12:00,3.03,25:57.1
680167,6/22/05 12:00,6/22/05 12:00,3.03,25:57.1
680179,6/23/05 12:00,6/23/05 12:00,3.06,25:57.1
680191,6/24/05 12:00,6/24/05 12:00,3,25:57.1
680203,6/25/05 12:00,6/25/05 12:00,3.05,25:57.1
680215,6/26/05 12:00,6/26/05 12:00,3.09,25:57.1
680227,6/27/05 12:00,6/27/05 12:00,3.2,25:57.1
680239,6/28/05 12:00,6/28/05 12:00,3.25,25:57.1
680250,6/29/05 12:00,6/29/05 12:00,3.2,25:57.1
680261,6/30/05 12:00,6/30/05 12:00,3.29,25:57.1
679912,7/1/05 12:00,7/1/05 12:00,3.35,25:57.1
679924,7/2/05 12:00,7/2/05 12:00,3.4,25:57.1
679936,7/3/05 12:00,7/3/05 12:00,3.43,25:57.1
679948,7/4/05 12:00,7/4/05 12:00,3.43,25:57.1
679960,7/5/05 12:00,7/5/05 12:00,3.45,25:57.1
679972,7/6/05 12:00,7/6/05 12:00,3.46,25:57.1
679986,7/7/05 12:00,7/7/05 12:00,3.48,25:57.1
679998,7/8/05 12:00,7/8/05 12:00,3.48,25:57.1
680010,7/9/05 12:00,7/9/05 12:00,3.55,25:57.1
680022,7/10/05 12:00,7/10/05 12:00,3.42,25:57.1
680034,7/11/05 12:00,7/11/05 12:00,3.39,25:57.1
680046,7/12/05 12:00,7/12/05 12:00,3.35,25:57.1
680058,7/13/05 12:00,7/13/05 12:00,3.32,25:57.1
680070,7/14/05 12:00,7/14/05 12:00,3.29,25:57.1
680082,7/15/05 12:00,7/15/05 12:00,3.25,25:57.1
680094,7/16/05 12:00,7/16/05 12:00,3.2,25:57.1
680106,7/17/05 12:00,7/17/05 12:00,3.28,25:57.1
680118,7/18/05 12:00,7/18/05 12:00,3.25,25:57.1
680132,7/19/05 12:00,7/19/05 12:00,3.2,25:57.1
680144,7/20/05 12:00,7/20/05 12:00,3.23,25:57.1
680156,7/21/05 12:00,7/21/05 12:00,3.19,25:57.1
680168,7/22/05 12:00,7/22/05 12:00,3.1,25:57.1
680180,7/23/05 12:00,7/23/05 12:00,3.02,25:57.1
680192,7/24/05 12:00,7/24/05 12:00,2.88,25:57.1
680204,7/25/05 12:00,7/25/05 12:00,2.81,25:57.1
680216,7/26/05 12:00,7/26/05 12:00,2.78,25:57.1
680228,7/27/05 12:00,7/27/05 12:00,2.78,25:57.1
680240,7/28/05 12:00,7/28/05 12:00,2.77,25:57.1
680251,7/29/05 12:00,7/29/05 12:00,2.68,25:57.1
680262,7/30/05 12:00,7/30/05 12:00,2.68,25:57.1
680271,7/31/05 12:00,7/31/05 12:00,2.6,25:57.1
679913,8/1/05 12:00,8/1/05 12:00,2.55,25:57.1
679925,8/2/05 12:00,8/2/05 12:00,2.52,25:57.1
679937,8/3/05 12:00,8/3/05 12:00,2.5,25:57.1
679949,8/4/05 12:00,8/4/05 12:00,2.5,25:57.1
679961,8/5/05 12:00,8/5/05 12:00,2.44,25:57.1
679973,8/6/05 12:00,8/6/05 12:00,2.4,25:57.1
679987,8/7/05 12:00,8/7/05 12:00,2.32,25:57.1
679999,8/8/05 12:00,8/8/05 12:00,2.2,25:57.1
680011,8/9/05 12:00,8/9/05 12:00,2.19,25:57.1
680023,8/10/05 12:00,8/10/05 12:00,2.15,25:57.1
680035,8/11/05 12:00,8/11/05 12:00,2.05,25:57.1
680047,8/12/05 12:00,8/12/05 12:00,2,25:57.1
680059,8/13/05 12:00,8/13/05 12:00,2,25:57.1
680071,8/14/05 12:00,8/14/05 12:00,1.98,25:57.1
680083,8/15/05 12:00,8/15/05 12:00,1.95,25:57.1
680095,8/16/05 12:00,8/16/05 12:00,1.98,25:57.1
680107,8/17/05 12:00,8/17/05 12:00,2.08,25:57.1
680119,8/18/05 12:00,8/18/05 12:00,2,25:57.1
680133,8/19/05 12:00,8/19/05 12:00,1.94,25:57.1
680145,8/20/05 12:00,8/20/05 12:00,1.94,25:57.1
680157,8/21/05 12:00,8/21/05 12:00,1.91,25:57.1
680169,8/22/05 12:00,8/22/05 12:00,1.9,25:57.1
680181,8/23/05 12:00,8/23/05 12:00,1.88,25:57.1
680193,8/24/05 12:00,8/24/05 12:00,1.85,25:57.1
680205,8/25/05 12:00,8/25/05 12:00,1.9,25:57.1
680217,8/26/05 12:00,8/26/05 12:00,1.98,25:57.1
680229,8/27/05 12:00,8/27/05 12:00,1.85,25:57.1
680241,8/28/05 12:00,8/28/05 12:00,1.73,25:57.1
680252,8/29/05 12:00,8/29/05 12:00,1.7,25:57.1
680263,8/30/05 12:00,8/30/05 12:00,1.7,25:57.1
680272,8/31/05 12:00,8/31/05 12:00,1.76,25:57.1
679914,9/1/05 12:00,9/1/05 12:00,1.82,25:57.1
679926,9/2/05 12:00,9/2/05 12:00,1.89,25:57.1
679938,9/3/05 12:00,9/3/05 12:00,1.86,25:57.1
679950,9/4/05 12:00,9/4/05 12:00,1.9,25:57.1
679962,9/5/05 12:00,9/5/05 12:00,1.76,25:57.1
679976,9/6/05 12:00,9/6/05 12:00,1.7,25:57.1
679988,9/7/05 12:00,9/7/05 12:00,1.58,25:57.1
680000,9/8/05 12:00,9/8/05 12:00,1.56,25:57.1
680012,9/9/05 12:00,9/9/05 12:00,1.55,25:57.1
680024,9/10/05 12:00,9/10/05 12:00,1.56,25:57.1
680036,9/11/05 12:00,9/11/05 12:00,1.57,25:57.1
680048,9/12/05 12:00,9/12/05 12:00,1.77,25:57.1
680060,9/13/05 12:00,9/13/05 12:00,1.81,25:57.1
680072,9/14/05 12:00,9/14/05 12:00,1.77,25:57.1
680084,9/15/05 12:00,9/15/05 12:00,1.79,25:57.1
680096,9/16/05 12:00,9/16/05 12:00,1.78,25:57.1
680108,9/17/05 12:00,9/17/05 12:00,1.8,25:57.1
680120,9/18/05 12:00,9/18/05 12:00,1.83,25:57.1
680134,9/19/05 12:00,9/19/05 12:00,1.8,25:57.1
680146,9/20/05 12:00,9/20/05 12:00,1.8,25:57.1
680158,9/21/05 12:00,9/21/05 12:00,1.84,25:57.1
680170,9/22/05 12:00,9/22/05 12:00,1.85,25:57.1
680182,9/23/05 12:00,9/23/05 12:00,1.96,25:57.1
680194,9/24/05 12:00,9/24/05 12:00,2.02,25:57.1
680206,9/25/05 12:00,9/25/05 12:00,2.1,25:57.1
680218,9/26/05 12:00,9/26/05 12:00,2.2,25:57.1
680230,9/27/05 12:00,9/27/05 12:00,2.28,25:57.1
680242,9/28/05 12:00,9/28/05 12:00,2.3,25:57.1
680253,9/29/05 12:00,9/29/05 12:00,2.31,25:57.1
680264,9/30/05 12:00,9/30/05 12:00,2.3,25:57.1
679915,10/1/05 12:00,10/1/05 12:00,2.3,25:57.1
679927,10/2/05 12:00,10/2/05 12:00,2.32,25:57.1
679939,10/3/05 12:00,10/3/05 12:00,2.4,25:57.1
679951,10/4/05 12:00,10/4/05 12:00,2.43,25:57.1
679963,10/5/05 12:00,10/5/05 12:00,2.38,25:57.1
679977,10/6/05 12:00,10/6/05 12:00,2.45,25:57.1
679989,10/7/05 12:00,10/7/05 12:00,2.43,25:57.1
680001,10/8/05 12:00,10/8/05 12:00,2.39,25:57.1
680013,10/9/05 12:00,10/9/05 12:00,2.4,25:57.1
680025,10/10/05 12:00,10/10/05 12:00,2.36,25:57.1
680037,10/11/05 12:00,10/11/05 12:00,2.4,25:57.1
680049,10/12/05 12:00,10/12/05 12:00,2.4,25:57.1
680061,10/13/05 12:00,10/13/05 12:00,2.43,25:57.1
680073,10/14/05 12:00,10/14/05 12:00,2.5,25:57.1
680085,10/15/05 12:00,10/15/05 12:00,2.59,25:57.1
680097,10/16/05 12:00,10/16/05 12:00,2.72,25:57.1
680109,10/17/05 12:00,10/17/05 12:00,2.8,25:57.1
680121,10/18/05 12:00,10/18/05 12:00,2.84,25:57.1
680135,10/19/05 12:00,10/19/05 12:00,2.86,25:57.1
680147,10/20/05 12:00,10/20/05 12:00,2.9,25:57.1
680159,10/21/05 12:00,10/21/05 12:00,2.94,25:57.1
680171,10/22/05 12:00,10/22/05 12:00,2.96,25:57.1
680183,10/23/05 12:00,10/23/05 12:00,3.08,25:57.1
680195,10/24/05 12:00,10/24/05 12:00,3.15,25:57.1
680207,10/25/05 12:00,10/25/05 12:00,3.25,25:57.1
680219,10/26/05 12:00,10/26/05 12:00,3.26,25:57.1
680231,10/27/05 12:00,10/27/05 12:00,3.33,25:57.1
680243,10/28/05 12:00,10/28/05 12:00,3.33,25:57.1
680254,10/29/05 12:00,10/29/05 12:00,3.32,25:57.1
680265,10/30/05 12:00,10/30/05 12:00,3.37,25:57.1
680273,10/31/05 12:00,10/31/05 12:00,3.4,25:57.1
679916,11/1/05 12:00,11/1/05 12:00,3.4,25:57.1
679928,11/2/05 12:00,11/2/05 12:00,3.4,25:57.1
679940,11/3/05 12:00,11/3/05 12:00,3.35,25:57.1
679952,11/4/05 12:00,11/4/05 12:00,3.37,25:57.1
679964,11/5/05 12:00,11/5/05 12:00,3.33,25:57.1
679978,11/6/05 12:00,11/6/05 12:00,3.38,25:57.1
679990,11/7/05 12:00,11/7/05 12:00,3.4,25:57.1
680002,11/8/05 12:00,11/8/05 12:00,3.47,25:57.1
680014,11/9/05 12:00,11/9/05 12:00,3.49,25:57.1
680026,11/10/05 12:00,11/10/05 12:00,3.5,25:57.1
680038,11/11/05 12:00,11/11/05 12:00,3.51,25:57.1
680050,11/12/05 12:00,11/12/05 12:00,3.52,25:57.1
680062,11/13/05 12:00,11/13/05 12:00,3.52,25:57.1
680074,11/14/05 12:00,11/14/05 12:00,3.55,25:57.1
680086,11/15/05 12:00,11/15/05 12:00,3.6,25:57.1
680098,11/16/05 12:00,11/16/05 12:00,3.62,25:57.1
680110,11/17/05 12:00,11/17/05 12:00,3.62,25:57.1
680122,11/18/05 12:00,11/18/05 12:00,3.64,25:57.1
680136,11/19/05 12:00,11/19/05 12:00,3.66,25:57.1
680148,11/20/05 12:00,11/20/05 12:00,3.65,25:57.1
680160,11/21/05 12:00,11/21/05 12:00,3.65,25:57.1
680172,11/22/05 12:00,11/22/05 12:00,3.65,25:57.1
680184,11/23/05 12:00,11/23/05 12:00,3.64,25:57.1
680196,11/24/05 12:00,11/24/05 12:00,3.62,25:57.1
680208,11/25/05 12:00,11/25/05 12:00,3.59,25:57.1
680220,11/26/05 12:00,11/26/05 12:00,3.57,25:57.1
680232,11/27/05 12:00,11/27/05 12:00,3.55,25:57.1
680244,11/28/05 12:00,11/28/05 12:00,3.52,25:57.1
680255,11/29/05 12:00,11/29/05 12:00,3.43,25:57.1
680266,11/30/05 12:00,11/30/05 12:00,3.39,25:57.1
679917,12/1/05 12:00,12/1/05 12:00,3.38,25:57.1
679929,12/2/05 12:00,12/2/05 12:00,3.34,25:57.1
679941,12/3/05 12:00,12/3/05 12:00,3.29,25:57.1
679953,12/4/05 12:00,12/4/05 12:00,3.2,25:57.1
679965,12/5/05 12:00,12/5/05 12:00,3.13,25:57.1
679979,12/6/05 12:00,12/6/05 12:00,3,25:57.1
679991,12/7/05 12:00,12/7/05 12:00,3.01,25:57.1
680003,12/8/05 12:00,12/8/05 12:00,3,25:57.1
680015,12/9/05 12:00,12/9/05 12:00,2.98,25:57.1
680027,12/10/05 12:00,12/10/05 12:00,2.89,25:57.1
680039,12/11/05 12:00,12/11/05 12:00,2.87,25:57.1
680051,12/12/05 12:00,12/12/05 12:00,2.9,25:57.1
680063,12/13/05 12:00,12/13/05 12:00,2.82,25:57.1
680075,12/14/05 12:00,12/14/05 12:00,2.81,25:57.1
680087,12/15/05 12:00,12/15/05 12:00,2.8,25:57.1
680099,12/16/05 12:00,12/16/05 12:00,2.76,25:57.1
680111,12/17/05 12:00,12/17/05 12:00,2.75,25:57.1
680123,12/18/05 12:00,12/18/05 12:00,2.74,25:57.1
680137,12/19/05 12:00,12/19/05 12:00,2.75,25:57.1
680149,12/20/05 12:00,12/20/05 12:00,2.7,25:57.1
680161,12/21/05 12:00,12/21/05 12:00,2.74,25:57.1
680173,12/22/05 12:00,12/22/05 12:00,2.7,25:57.1
680185,12/23/05 12:00,12/23/05 12:00,2.65,25:57.1
680197,12/24/05 12:00,12/24/05 12:00,2.7,25:57.1
680209,12/25/05 12:00,12/25/05 12:00,2.73,25:57.1
680221,12/26/05 12:00,12/26/05 12:00,2.69,25:57.1
680233,12/27/05 12:00,12/27/05 12:00,2.74,25:57.1
680245,12/28/05 12:00,12/28/05 12:00,2.71,25:57.1
680256,12/29/05 12:00,12/29/05 12:00,2.68,25:57.1
680267,12/30/05 12:00,12/30/05 12:00,2.65,25:57.1
680274,12/31/05 12:00,12/31/05 12:00,2.7,25:57.1
680275,1/1/06 12:00,1/1/06 12:00,2.7,25:57.1
680286,1/2/06 12:00,1/2/06 12:00,2.78,25:57.1
680295,1/3/06 12:00,1/3/06 12:00,2.8,25:57.1
680304,1/4/06 12:00,1/4/06 12:00,2.83,25:57.1
680313,1/5/06 12:00,1/5/06 12:00,2.89,25:57.1
680322,1/6/06 12:00,1/6/06 12:00,2.9,25:57.1
680331,1/7/06 12:00,1/7/06 12:00,2.9,25:57.1
680340,1/8/06 12:00,1/8/06 12:00,2.88,25:57.1
680349,1/9/06 12:00,1/9/06 12:00,2.96,25:57.1
680358,1/10/06 12:00,1/10/06 12:00,2.98,25:57.1
680367,1/11/06 12:00,1/11/06 12:00,2.92,25:57.1
680376,1/12/06 12:00,1/12/06 12:00,2.9,25:57.1
680385,1/13/06 12:00,1/13/06 12:00,2.99,25:57.1
680394,1/14/06 12:00,1/14/06 12:00,2.95,25:57.1
680403,1/15/06 12:00,1/15/06 12:00,2.94,25:57.1
680412,1/16/06 12:00,1/16/06 12:00,2.89,25:57.1
680421,1/17/06 12:00,1/17/06 12:00,2.8,25:57.1
680430,1/18/06 12:00,1/18/06 12:00,2.9,25:57.1
680441,1/19/06 12:00,1/19/06 12:00,2.87,25:57.1
680450,1/20/06 12:00,1/20/06 12:00,2.82,25:57.1
680459,1/21/06 12:00,1/21/06 12:00,2.75,25:57.1
680468,1/22/06 12:00,1/22/06 12:00,2.72,25:57.1
680476,1/23/06 12:00,1/23/06 12:00,2.75,25:57.1
680484,1/24/06 12:00,1/24/06 12:00,2.76,25:57.1
680492,1/25/06 12:00,1/25/06 12:00,2.7,25:57.1
680500,1/26/06 12:00,1/26/06 12:00,2.65,25:57.1
680508,1/27/06 12:00,1/27/06 12:00,2.69,25:57.1
680516,1/28/06 12:00,1/28/06 12:00,2.7,25:57.1
680524,1/29/06 12:00,1/29/06 12:00,2.64,25:57.1
680531,1/30/06 12:00,1/30/06 12:00,2.6,25:57.1
680538,1/31/06 12:00,1/31/06 12:00,2.65,25:57.1
680276,2/1/06 12:00,2/1/06 12:00,2.71,25:57.1
680287,2/2/06 12:00,2/2/06 12:00,2.7,25:57.1
680296,2/3/06 12:00,2/3/06 12:00,2.67,25:57.1
680305,2/4/06 12:00,2/4/06 12:00,2.71,25:57.1
680314,2/5/06 12:00,2/5/06 12:00,2.75,25:57.1
680323,2/6/06 12:00,2/6/06 12:00,2.74,25:57.1
680332,2/7/06 12:00,2/7/06 12:00,2.7,25:57.1
680341,2/8/06 12:00,2/8/06 12:00,2.69,25:57.1
680350,2/9/06 12:00,2/9/06 12:00,2.77,25:57.1
680359,2/10/06 12:00,2/10/06 12:00,2.76,25:57.1
680368,2/11/06 12:00,2/11/06 12:00,2.77,25:57.1
680377,2/12/06 12:00,2/12/06 12:00,2.61,25:57.1
680386,2/13/06 12:00,2/13/06 12:00,2.56,25:57.1
680395,2/14/06 12:00,2/14/06 12:00,2.48,25:57.1
680404,2/15/06 12:00,2/15/06 12:00,2.37,25:57.1
680413,2/16/06 12:00,2/16/06 12:00,2.34,25:57.1
680422,2/17/06 12:00,2/17/06 12:00,2.32,25:57.1
680431,2/18/06 12:00,2/18/06 12:00,2.28,25:57.1
680442,2/19/06 12:00,2/19/06 12:00,2.32,25:57.1
680451,2/20/06 12:00,2/20/06 12:00,2.3,25:57.1
680460,2/21/06 12:00,2/21/06 12:00,2.2,25:57.1
680469,2/22/06 12:00,2/22/06 12:00,2.18,25:57.1
680477,2/23/06 12:00,2/23/06 12:00,2.2,25:57.1
680485,2/24/06 12:00,2/24/06 12:00,2.21,25:57.1
680493,2/25/06 12:00,2/25/06 12:00,2.18,25:57.1
680501,2/26/06 12:00,2/26/06 12:00,2.39,25:57.1
680509,2/27/06 12:00,2/27/06 12:00,2.36,25:57.1
680517,2/28/06 12:00,2/28/06 12:00,2.24,25:57.1
680277,3/1/06 12:00,3/1/06 12:00,2.19,25:57.1
680288,3/2/06 12:00,3/2/06 12:00,2.19,25:57.1
680297,3/3/06 12:00,3/3/06 12:00,2.2,25:57.1
680306,3/4/06 12:00,3/4/06 12:00,2.2,25:57.1
680315,3/5/06 12:00,3/5/06 12:00,2.3,25:57.1
680324,3/6/06 12:00,3/6/06 12:00,2.32,25:57.1
680333,3/7/06 12:00,3/7/06 12:00,2.32,25:57.1
680342,3/8/06 12:00,3/8/06 12:00,2.38,25:57.1
680351,3/9/06 12:00,3/9/06 12:00,2.4,25:57.1
680360,3/10/06 12:00,3/10/06 12:00,2.48,25:57.1
680369,3/11/06 12:00,3/11/06 12:00,2.51,25:57.1
680378,3/12/06 12:00,3/12/06 12:00,2.71,25:57.1
680387,3/13/06 12:00,3/13/06 12:00,2.7,25:57.1
680396,3/14/06 12:00,3/14/06 12:00,2.7,25:57.1
680405,3/15/06 12:00,3/15/06 12:00,2.73,25:57.1
680414,3/16/06 12:00,3/16/06 12:00,2.75,25:57.1
680423,3/17/06 12:00,3/17/06 12:00,2.84,25:57.1
680432,3/18/06 12:00,3/18/06 12:00,2.9,25:57.1
680443,3/19/06 12:00,3/19/06 12:00,3.01,25:57.1
680452,3/20/06 12:00,3/20/06 12:00,3,25:57.1
680461,3/21/06 12:00,3/21/06 12:00,2.95,25:57.1
680470,3/22/06 12:00,3/22/06 12:00,3.04,25:57.1
680478,3/23/06 12:00,3/23/06 12:00,3.02,25:57.1
680486,3/24/06 12:00,3/24/06 12:00,2.98,25:57.1
680494,3/25/06 12:00,3/25/06 12:00,2.95,25:57.1
680502,3/26/06 12:00,3/26/06 12:00,2.95,25:57.1
680510,3/27/06 12:00,3/27/06 12:00,3.07,25:57.1
680518,3/28/06 12:00,3/28/06 12:00,3.05,25:57.1
680525,3/29/06 12:00,3/29/06 12:00,3,25:57.1
680532,3/30/06 12:00,3/30/06 12:00,3.06,25:57.1
680539,3/31/06 12:00,3/31/06 12:00,3.1,25:57.1
680278,4/1/06 12:00,4/1/06 12:00,3.08,25:57.1
680289,4/2/06 12:00,4/2/06 12:00,3.1,25:57.1
680298,4/3/06 12:00,4/3/06 12:00,3.12,25:57.1
680307,4/4/06 12:00,4/4/06 12:00,3.21,25:57.1
680316,4/5/06 12:00,4/5/06 12:00,3.18,25:57.1
680325,4/6/06 12:00,4/6/06 12:00,3.18,25:57.1
680334,4/7/06 12:00,4/7/06 12:00,3.2,25:57.1
680343,4/8/06 12:00,4/8/06 12:00,3.23,25:57.1
680352,4/9/06 12:00,4/9/06 12:00,3.24,25:57.1
680361,4/10/06 12:00,4/10/06 12:00,3.31,25:57.1
680370,4/11/06 12:00,4/11/06 12:00,3.3,25:57.1
680379,4/12/06 12:00,4/12/06 12:00,3.29,25:57.1
680388,4/13/06 12:00,4/13/06 12:00,3.29,25:57.1
680397,4/14/06 12:00,4/14/06 12:00,3.3,25:57.1
680406,4/15/06 12:00,4/15/06 12:00,3.24,25:57.1
680415,4/16/06 12:00,4/16/06 12:00,3.25,25:57.1
680424,4/17/06 12:00,4/17/06 12:00,3.26,25:57.1
680433,4/18/06 12:00,4/18/06 12:00,3.25,25:57.1
680444,4/19/06 12:00,4/19/06 12:00,3.24,25:57.1
680453,4/20/06 12:00,4/20/06 12:00,3.21,25:57.1
680462,4/21/06 12:00,4/21/06 12:00,3.17,25:57.1
680471,4/22/06 12:00,4/22/06 12:00,3.04,25:57.1
680479,4/23/06 12:00,4/23/06 12:00,3.06,25:57.1
680487,4/24/06 12:00,4/24/06 12:00,3.1,25:57.1
680495,4/25/06 12:00,4/25/06 12:00,3.1,25:57.1
680503,4/26/06 12:00,4/26/06 12:00,3.12,25:57.1
680511,4/27/06 12:00,4/27/06 12:00,3.11,25:57.1
680519,4/28/06 12:00,4/28/06 12:00,3.17,25:57.1
680526,4/29/06 12:00,4/29/06 12:00,3.17,25:57.1
680533,4/30/06 12:00,4/30/06 12:00,3.22,25:57.1
680279,5/1/06 12:00,5/1/06 12:00,3.2,25:57.1
680290,5/2/06 12:00,5/2/06 12:00,3.23,25:57.1
680299,5/3/06 12:00,5/3/06 12:00,3.28,25:57.1
680308,5/4/06 12:00,5/4/06 12:00,3.3,25:57.1
680317,5/5/06 12:00,5/5/06 12:00,3.29,25:57.1
680326,5/6/06 12:00,5/6/06 12:00,3.26,25:57.1
680335,5/7/06 12:00,5/7/06 12:00,3.19,25:57.1
680344,5/8/06 12:00,5/8/06 12:00,3.18,25:57.1
680353,5/9/06 12:00,5/9/06 12:00,3.15,25:57.1
680362,5/10/06 12:00,5/10/06 12:00,3.1,25:57.1
680371,5/11/06 12:00,5/11/06 12:00,3.03,25:57.1
680380,5/12/06 12:00,5/12/06 12:00,3,25:57.1
680389,5/13/06 12:00,5/13/06 12:00,2.95,25:57.1
680398,5/14/06 12:00,5/14/06 12:00,2.89,25:57.1
680407,5/15/06 12:00,5/15/06 12:00,2.81,25:57.1
680416,5/16/06 12:00,5/16/06 12:00,2.78,25:57.1
680425,5/17/06 12:00,5/17/06 12:00,2.67,25:57.1
680434,5/18/06 12:00,5/18/06 12:00,2.58,25:57.1
680445,5/19/06 12:00,5/19/06 12:00,2.52,25:57.1
680454,5/20/06 12:00,5/20/06 12:00,2.47,25:57.1
680463,5/21/06 12:00,5/21/06 12:00,2.45,25:57.1
680472,5/22/06 12:00,5/22/06 12:00,2.43,25:57.1
680480,5/23/06 12:00,5/23/06 12:00,2.28,25:57.1
680488,5/24/06 12:00,5/24/06 12:00,2.2,25:57.1
680496,5/25/06 12:00,5/25/06 12:00,2.15,25:57.1
680504,5/26/06 12:00,5/26/06 12:00,2.03,25:57.1
680512,5/27/06 12:00,5/27/06 12:00,2,25:57.1
680520,5/28/06 12:00,5/28/06 12:00,1.95,25:57.1
680527,5/29/06 12:00,5/29/06 12:00,1.98,25:57.1
680534,5/30/06 12:00,5/30/06 12:00,2.1,25:57.1
680540,5/31/06 12:00,5/31/06 12:00,2.1,25:57.1
680280,6/1/06 12:00,6/1/06 12:00,2.04,25:57.1
680291,6/2/06 12:00,6/2/06 12:00,2.08,25:57.1
680300,6/3/06 12:00,6/3/06 12:00,2.05,25:57.1
680309,6/4/06 12:00,6/4/06 12:00,2,25:57.1
680318,6/5/06 12:00,6/5/06 12:00,2,25:57.1
680327,6/6/06 12:00,6/6/06 12:00,2.1,25:57.1
680336,6/7/06 12:00,6/7/06 12:00,2.25,25:57.1
680345,6/8/06 12:00,6/8/06 12:00,2.25,25:57.1
680354,6/9/06 12:00,6/9/06 12:00,2.41,25:57.1
680363,6/10/06 12:00,6/10/06 12:00,2.5,25:57.1
680372,6/11/06 12:00,6/11/06 12:00,2.67,25:57.1
680381,6/12/06 12:00,6/12/06 12:00,2.72,25:57.1
680390,6/13/06 12:00,6/13/06 12:00,2.74,25:57.1
680399,6/14/06 12:00,6/14/06 12:00,2.72,25:57.1
680408,6/15/06 12:00,6/15/06 12:00,2.62,25:57.1
680417,6/16/06 12:00,6/16/06 12:00,2.6,25:57.1
680426,6/17/06 12:00,6/17/06 12:00,2.59,25:57.1
680435,6/18/06 12:00,6/18/06 12:00,2.59,25:57.1
680446,6/19/06 12:00,6/19/06 12:00,2.51,25:57.1
680455,6/20/06 12:00,6/20/06 12:00,2.43,25:57.1
680464,6/21/06 12:00,6/21/06 12:00,2.38,25:57.1
680473,6/22/06 12:00,6/22/06 12:00,2.36,25:57.1
680481,6/23/06 12:00,6/23/06 12:00,2.36,25:57.1
680489,6/24/06 12:00,6/24/06 12:00,2.34,25:57.1
680497,6/25/06 12:00,6/25/06 12:00,2.44,25:57.1
680505,6/26/06 12:00,6/26/06 12:00,2.39,25:57.1
680513,6/27/06 12:00,6/27/06 12:00,2.3,25:57.1
680521,6/28/06 12:00,6/28/06 12:00,2.4,25:57.1
680528,6/29/06 12:00,6/29/06 12:00,2.42,25:57.1
680535,6/30/06 12:00,6/30/06 12:00,2.38,25:57.1
680281,7/1/06 12:00,7/1/06 12:00,2.25,25:57.1
680292,7/2/06 12:00,7/2/06 12:00,2.17,25:57.1
680301,7/3/06 12:00,7/3/06 12:00,2.16,25:57.1
680310,7/4/06 12:00,7/4/06 12:00,2.13,25:57.1
680319,7/5/06 12:00,7/5/06 12:00,2.1,25:57.1
680328,7/6/06 12:00,7/6/06 12:00,2.14,25:57.1
680337,7/7/06 12:00,7/7/06 12:00,2.16,25:57.1
680346,7/8/06 12:00,7/8/06 12:00,2.17,25:57.1
680355,7/9/06 12:00,7/9/06 12:00,2.1,25:57.1
680364,7/10/06 12:00,7/10/06 12:00,2.08,25:57.1
680373,7/11/06 12:00,7/11/06 12:00,2.08,25:57.1
680382,7/12/06 12:00,7/12/06 12:00,2.05,25:57.1
680391,7/13/06 12:00,7/13/06 12:00,2,25:57.1
680400,7/14/06 12:00,7/14/06 12:00,1.99,25:57.1
680409,7/15/06 12:00,7/15/06 12:00,2.01,25:57.1
680418,7/16/06 12:00,7/16/06 12:00,2.05,25:57.1
680427,7/17/06 12:00,7/17/06 12:00,2.05,25:57.1
680436,7/18/06 12:00,7/18/06 12:00,2,25:57.1
680447,7/19/06 12:00,7/19/06 12:00,1.98,25:57.1
680456,7/20/06 12:00,7/20/06 12:00,1.96,25:57.1
680465,7/21/06 12:00,7/21/06 12:00,2,25:57.1
680474,7/22/06 12:00,7/22/06 12:00,2.02,25:57.1
680482,7/23/06 12:00,7/23/06 12:00,2.08,25:57.1
680490,7/24/06 12:00,7/24/06 12:00,2.06,25:57.1
680498,7/25/06 12:00,7/25/06 12:00,2.05,25:57.1
680506,7/26/06 12:00,7/26/06 12:00,1.82,25:57.1
680514,7/27/06 12:00,7/27/06 12:00,2.02,25:57.1
680522,7/28/06 12:00,7/28/06 12:00,2,25:57.1
680529,7/29/06 12:00,7/29/06 12:00,1.82,25:57.1
680536,7/30/06 12:00,7/30/06 12:00,1.75,25:57.1
680541,7/31/06 12:00,7/31/06 12:00,1.85,25:57.1
680282,8/1/06 12:00,8/1/06 12:00,1.92,25:57.1
680293,8/2/06 12:00,8/2/06 12:00,1.9,25:57.1
680302,8/3/06 12:00,8/3/06 12:00,1.92,25:57.1
680311,8/4/06 12:00,8/4/06 12:00,1.94,25:57.1
680320,8/5/06 12:00,8/5/06 12:00,1.98,25:57.1
680329,8/6/06 12:00,8/6/06 12:00,1.94,25:57.1
680338,8/7/06 12:00,8/7/06 12:00,1.94,25:57.1
680347,8/8/06 12:00,8/8/06 12:00,1.92,25:57.1
680356,8/9/06 12:00,8/9/06 12:00,1.87,25:57.1
680365,8/10/06 12:00,8/10/06 12:00,1.9,25:57.1
680374,8/11/06 12:00,8/11/06 12:00,1.9,25:57.1
680383,8/12/06 12:00,8/12/06 12:00,1.92,25:57.1
680392,8/13/06 12:00,8/13/06 12:00,1.9,25:57.1
680401,8/14/06 12:00,8/14/06 12:00,1.9,25:57.1
680410,8/15/06 12:00,8/15/06 12:00,2,25:57.1
680419,8/16/06 12:00,8/16/06 12:00,2,25:57.1
680428,8/17/06 12:00,8/17/06 12:00,1.92,25:57.1
680437,8/18/06 12:00,8/18/06 12:00,1.94,25:57.1
680448,8/19/06 12:00,8/19/06 12:00,1.92,25:57.1
680457,8/20/06 12:00,8/20/06 12:00,1.86,25:57.1
680466,8/21/06 12:00,8/21/06 12:00,1.74,25:57.1
680475,8/22/06 12:00,8/22/06 12:00,1.8,25:57.1
680483,8/23/06 12:00,8/23/06 12:00,1.83,25:57.1
680491,8/24/06 12:00,8/24/06 12:00,1.74,25:57.1
680499,8/25/06 12:00,8/25/06 12:00,1.76,25:57.1
680507,8/26/06 12:00,8/26/06 12:00,1.82,25:57.1
680515,8/27/06 12:00,8/27/06 12:00,1.86,25:57.1
680523,8/28/06 12:00,8/28/06 12:00,1.92,25:57.1
680530,8/29/06 12:00,8/29/06 12:00,2.03,25:57.1
680537,8/30/06 12:00,8/30/06 12:00,2,25:57.1
680542,8/31/06 12:00,8/31/06 12:00,2,25:57.1
680283,9/1/06 12:00,9/1/06 12:00,1.96,25:57.1
680294,9/2/06 12:00,9/2/06 12:00,1.9,25:57.1
680303,9/3/06 12:00,9/3/06 12:00,1.83,25:57.1
680312,9/4/06 12:00,9/4/06 12:00,1.96,25:57.1
680321,9/5/06 12:00,9/5/06 12:00,2,25:57.1
680330,9/6/06 12:00,9/6/06 12:00,2,25:57.1
680339,9/7/06 12:00,9/7/06 12:00,1.96,25:57.1
680348,9/8/06 12:00,9/8/06 12:00,1.9,25:57.1
680357,9/9/06 12:00,9/9/06 12:00,1.8,25:57.1
680366,9/10/06 12:00,9/10/06 12:00,1.76,25:57.1
680375,9/11/06 12:00,9/11/06 12:00,1.75,25:57.1
680384,9/12/06 12:00,9/12/06 12:00,1.72,25:57.1
680393,9/13/06 12:00,9/13/06 12:00,1.66,25:57.1
680402,9/14/06 12:00,9/14/06 12:00,1.68,25:57.1
680411,9/15/06 12:00,9/15/06 12:00,1.7,25:57.1
680420,9/16/06 12:00,9/16/06 12:00,1.6,25:57.1
680429,9/17/06 12:00,9/17/06 12:00,1.52,25:57.1
680438,9/18/06 12:00,9/18/06 12:00,1.52,25:57.1
680449,9/19/06 12:00,9/19/06 12:00,1.45,25:57.1
680458,9/20/06 12:00,9/20/06 12:00,1.45,25:57.1
680467,9/21/06 12:00,9/21/06 12:00,1.51,25:57.1
937333,9/22/06 12:00,9/22/06 12:00,1.6,25:57.1
937337,9/23/06 12:00,9/23/06 12:00,1.76,25:57.1
937341,9/24/06 12:00,9/24/06 12:00,1.78,25:57.1
937345,9/25/06 12:00,9/25/06 12:00,1.85,25:57.1
937349,9/26/06 12:00,9/26/06 12:00,1.99,25:57.1
937353,9/27/06 12:00,9/27/06 12:00,2,25:57.1
937357,9/28/06 12:00,9/28/06 12:00,1.97,25:57.1
937361,9/29/06 12:00,9/29/06 12:00,1.95,25:57.1
937365,9/30/06 12:00,9/30/06 12:00,2.08,25:57.1
937270,10/1/06 12:00,10/1/06 12:00,2.12,25:57.1
937273,10/2/06 12:00,10/2/06 12:00,2.12,25:57.1
937276,10/3/06 12:00,10/3/06 12:00,2.1,25:57.1
937279,10/4/06 12:00,10/4/06 12:00,2.15,25:57.1
937282,10/5/06 12:00,10/5/06 12:00,2.27,25:57.1
937285,10/6/06 12:00,10/6/06 12:00,2.27,25:57.1
937288,10/7/06 12:00,10/7/06 12:00,2.28,25:57.1
937291,10/8/06 12:00,10/8/06 12:00,2.28,25:57.1
937294,10/9/06 12:00,10/9/06 12:00,2.3,25:57.1
937297,10/10/06 12:00,10/10/06 12:00,2.29,25:57.1
937300,10/11/06 12:00,10/11/06 12:00,2.24,25:57.1
937303,10/12/06 12:00,10/12/06 12:00,2.24,25:57.1
937306,10/13/06 12:00,10/13/06 12:00,2.35,25:57.1
937309,10/14/06 12:00,10/14/06 12:00,2.42,25:57.1
937312,10/15/06 12:00,10/15/06 12:00,2.5,25:57.1
937315,10/16/06 12:00,10/16/06 12:00,2.54,25:57.1
937318,10/17/06 12:00,10/17/06 12:00,2.6,25:57.1
937321,10/18/06 12:00,10/18/06 12:00,2.62,25:57.1
937324,10/19/06 12:00,10/19/06 12:00,2.6,25:57.1
937327,10/20/06 12:00,10/20/06 12:00,2.66,25:57.1
937330,10/21/06 12:00,10/21/06 12:00,2.66,25:57.1
937334,10/22/06 12:00,10/22/06 12:00,2.64,25:57.1
937338,10/23/06 12:00,10/23/06 12:00,2.58,25:57.1
937342,10/24/06 12:00,10/24/06 12:00,2.58,25:57.1
937346,10/25/06 12:00,10/25/06 12:00,2.6,25:57.1
937350,10/26/06 12:00,10/26/06 12:00,2.62,25:57.1
937354,10/27/06 12:00,10/27/06 12:00,2.66,25:57.1
937358,10/28/06 12:00,10/28/06 12:00,2.82,25:57.1
937362,10/29/06 12:00,10/29/06 12:00,2.8,25:57.1
937366,10/30/06 12:00,10/30/06 12:00,2.76,25:57.1
937369,10/31/06 12:00,10/31/06 12:00,2.78,25:57.1
937271,11/1/06 12:00,11/1/06 12:00,2.77,25:57.1
937274,11/2/06 12:00,11/2/06 12:00,2.72,25:57.1
937277,11/3/06 12:00,11/3/06 12:00,2.67,25:57.1
937280,11/4/06 12:00,11/4/06 12:00,2.62,25:57.1
937283,11/5/06 12:00,11/5/06 12:00,2.69,25:57.1
937286,11/6/06 12:00,11/6/06 12:00,2.72,25:57.1
937289,11/7/06 12:00,11/7/06 12:00,2.68,25:57.1
937292,11/8/06 12:00,11/8/06 12:00,2.61,25:57.1
937295,11/9/06 12:00,11/9/06 12:00,2.68,25:57.1
937298,11/10/06 12:00,11/10/06 12:00,2.68,25:57.1
937301,11/11/06 12:00,11/11/06 12:00,2.61,25:57.1
937304,11/12/06 12:00,11/12/06 12:00,2.62,25:57.1
937307,11/13/06 12:00,11/13/06 12:00,2.64,25:57.1
937310,11/14/06 12:00,11/14/06 12:00,2.58,25:57.1
937313,11/15/06 12:00,11/15/06 12:00,2.52,25:57.1
937316,11/16/06 12:00,11/16/06 12:00,2.49,25:57.1
937319,11/17/06 12:00,11/17/06 12:00,2.55,25:57.1
937322,11/18/06 12:00,11/18/06 12:00,2.64,25:57.1
937325,11/19/06 12:00,11/19/06 12:00,2.76,25:57.1
937328,11/20/06 12:00,11/20/06 12:00,2.78,25:57.1
937331,11/21/06 12:00,11/21/06 12:00,2.75,25:57.1
937335,11/22/06 12:00,11/22/06 12:00,2.69,25:57.1
937339,11/23/06 12:00,11/23/06 12:00,2.64,25:57.1
937343,11/24/06 12:00,11/24/06 12:00,2.68,25:57.1
937347,11/25/06 12:00,11/25/06 12:00,2.66,25:57.1
937351,11/26/06 12:00,11/26/06 12:00,2.69,25:57.1
937355,11/27/06 12:00,11/27/06 12:00,2.76,25:57.1
937359,11/28/06 12:00,11/28/06 12:00,2.92,25:57.1
937363,11/29/06 12:00,11/29/06 12:00,2.97,25:57.1
937367,11/30/06 12:00,11/30/06 12:00,2.94,25:57.1
937272,12/1/06 12:00,12/1/06 12:00,2.9,25:57.1
937275,12/2/06 12:00,12/2/06 12:00,2.88,25:57.1
937278,12/3/06 12:00,12/3/06 12:00,2.86,25:57.1
937281,12/4/06 12:00,12/4/06 12:00,2.84,25:57.1
937284,12/5/06 12:00,12/5/06 12:00,2.85,25:57.1
937287,12/6/06 12:00,12/6/06 12:00,2.86,25:57.1
937290,12/7/06 12:00,12/7/06 12:00,2.9,25:57.1
937293,12/8/06 12:00,12/8/06 12:00,2.88,25:57.1
937296,12/9/06 12:00,12/9/06 12:00,2.86,25:57.1
937299,12/10/06 12:00,12/10/06 12:00,2.86,25:57.1
937302,12/11/06 12:00,12/11/06 12:00,2.83,25:57.1
937305,12/12/06 12:00,12/12/06 12:00,2.74,25:57.1
937308,12/13/06 12:00,12/13/06 12:00,2.72,25:57.1
937311,12/14/06 12:00,12/14/06 12:00,2.7,25:57.1
937314,12/15/06 12:00,12/15/06 12:00,2.64,25:57.1
937317,12/16/06 12:00,12/16/06 12:00,2.65,25:57.1
937320,12/17/06 12:00,12/17/06 12:00,2.7,25:57.1
937323,12/18/06 12:00,12/18/06 12:00,2.82,25:57.1
937326,12/19/06 12:00,12/19/06 12:00,2.85,25:57.1
937329,12/20/06 12:00,12/20/06 12:00,2.88,25:57.1
937332,12/21/06 12:00,12/21/06 12:00,2.95,25:57.1
937336,12/22/06 12:00,12/22/06 12:00,3.03,25:57.1
937340,12/23/06 12:00,12/23/06 12:00,3.05,25:57.1
937344,12/24/06 12:00,12/24/06 12:00,2.98,25:57.1
937348,12/25/06 12:00,12/25/06 12:00,3,25:57.1
937352,12/26/06 12:00,12/26/06 12:00,3.06,25:57.1
937356,12/27/06 12:00,12/27/06 12:00,3.19,25:57.1
937360,12/28/06 12:00,12/28/06 12:00,3.18,25:57.1
937364,12/29/06 12:00,12/29/06 12:00,3.19,25:57.1
937368,12/30/06 12:00,12/30/06 12:00,3.27,25:57.1
937370,12/31/06 12:00,12/31/06 12:00,3.27,25:57.1
937371,1/1/07 12:00,1/1/07 12:00,3.26,25:57.1
937385,1/2/07 12:00,1/2/07 12:00,3.27,25:57.1
937397,1/3/07 12:00,1/3/07 12:00,3.27,25:57.1
937409,1/4/07 12:00,1/4/07 12:00,3.34,25:57.1
937421,1/5/07 12:00,1/5/07 12:00,3.35,25:57.1
937433,1/6/07 12:00,1/6/07 12:00,3.38,25:57.1
937445,1/7/07 12:00,1/7/07 12:00,3.4,25:57.1
937457,1/8/07 12:00,1/8/07 12:00,3.44,25:57.1
937469,1/9/07 12:00,1/9/07 12:00,3.42,25:57.1
937481,1/10/07 12:00,1/10/07 12:00,3.42,25:57.1
937493,1/11/07 12:00,1/11/07 12:00,3.38,25:57.1
937505,1/12/07 12:00,1/12/07 12:00,3.39,25:57.1
937517,1/13/07 12:00,1/13/07 12:00,3.4,25:57.1
937529,1/14/07 12:00,1/14/07 12:00,3.37,25:57.1
937543,1/15/07 12:00,1/15/07 12:00,3.26,25:57.1
937555,1/16/07 12:00,1/16/07 12:00,3.38,25:57.1
937567,1/17/07 12:00,1/17/07 12:00,3.35,25:57.1
937579,1/18/07 12:00,1/18/07 12:00,3.34,25:57.1
937591,1/19/07 12:00,1/19/07 12:00,3.29,25:57.1
937603,1/20/07 12:00,1/20/07 12:00,3.29,25:57.1
937615,1/21/07 12:00,1/21/07 12:00,3.37,25:57.1
937627,1/22/07 12:00,1/22/07 12:00,3.41,25:57.1
937639,1/23/07 12:00,1/23/07 12:00,3.41,25:57.1
937651,1/24/07 12:00,1/24/07 12:00,3.4,25:57.1
937663,1/25/07 12:00,1/25/07 12:00,3.41,25:57.1
937675,1/26/07 12:00,1/26/07 12:00,3.46,25:57.1
937687,1/27/07 12:00,1/27/07 12:00,3.55,25:57.1
937701,1/28/07 12:00,1/28/07 12:00,3.56,25:57.1
937713,1/29/07 12:00,1/29/07 12:00,3.58,25:57.1
937724,1/30/07 12:00,1/30/07 12:00,3.64,25:57.1
937735,1/31/07 12:00,1/31/07 12:00,3.66,25:57.1
937372,2/1/07 12:00,2/1/07 12:00,3.68,25:57.1
937386,2/2/07 12:00,2/2/07 12:00,3.7,25:57.1
937398,2/3/07 12:00,2/3/07 12:00,3.72,25:57.1
937410,2/4/07 12:00,2/4/07 12:00,3.77,25:57.1
937422,2/5/07 12:00,2/5/07 12:00,3.76,25:57.1
937434,2/6/07 12:00,2/6/07 12:00,3.8,25:57.1
937446,2/7/07 12:00,2/7/07 12:00,3.83,25:57.1
937458,2/8/07 12:00,2/8/07 12:00,3.83,25:57.1
937470,2/9/07 12:00,2/9/07 12:00,3.88,25:57.1
937482,2/10/07 12:00,2/10/07 12:00,3.9,25:57.1
937494,2/11/07 12:00,2/11/07 12:00,3.98,25:57.1
937506,2/12/07 12:00,2/12/07 12:00,3.98,25:57.1
937518,2/13/07 12:00,2/13/07 12:00,4,25:57.1
937530,2/14/07 12:00,2/14/07 12:00,4,25:57.1
937544,2/15/07 12:00,2/15/07 12:00,4,25:57.1
937556,2/16/07 12:00,2/16/07 12:00,4,25:57.1
937568,2/17/07 12:00,2/17/07 12:00,4.05,25:57.1
937580,2/18/07 12:00,2/18/07 12:00,4.04,25:57.1
937592,2/19/07 12:00,2/19/07 12:00,4.06,25:57.1
937604,2/20/07 12:00,2/20/07 12:00,4.11,25:57.1
937616,2/21/07 12:00,2/21/07 12:00,4.14,25:57.1
937628,2/22/07 12:00,2/22/07 12:00,4.18,25:57.1
937640,2/23/07 12:00,2/23/07 12:00,4.21,25:57.1
937652,2/24/07 12:00,2/24/07 12:00,4.24,25:57.1
937664,2/25/07 12:00,2/25/07 12:00,4.28,25:57.1
937676,2/26/07 12:00,2/26/07 12:00,4.32,25:57.1
937688,2/27/07 12:00,2/27/07 12:00,4.35,25:57.1
937702,2/28/07 12:00,2/28/07 12:00,4.38,25:57.1
937373,3/1/07 12:00,3/1/07 12:00,4.48,25:57.1
937387,3/2/07 12:00,3/2/07 12:00,4.55,25:57.1
937399,3/3/07 12:00,3/3/07 12:00,4.57,25:57.1
937411,3/4/07 12:00,3/4/07 12:00,4.62,25:57.1
937423,3/5/07 12:00,3/5/07 12:00,4.68,25:57.1
937435,3/6/07 12:00,3/6/07 12:00,4.7,25:57.1
937447,3/7/07 12:00,3/7/07 12:00,4.74,25:57.1
937459,3/8/07 12:00,3/8/07 12:00,4.76,25:57.1
937471,3/9/07 12:00,3/9/07 12:00,4.8,25:57.1
937483,3/10/07 12:00,3/10/07 12:00,4.83,25:57.1
937495,3/11/07 12:00,3/11/07 12:00,4.84,25:57.1
937507,3/12/07 12:00,3/12/07 12:00,4.87,25:57.1
937519,3/13/07 12:00,3/13/07 12:00,4.88,25:57.1
937531,3/14/07 12:00,3/14/07 12:00,4.89,25:57.1
937545,3/15/07 12:00,3/15/07 12:00,4.9,25:57.1
937557,3/16/07 12:00,3/16/07 12:00,4.9,25:57.1
937569,3/17/07 12:00,3/17/07 12:00,4.91,25:57.1
937581,3/18/07 12:00,3/18/07 12:00,4.93,25:57.1
937593,3/19/07 12:00,3/19/07 12:00,4.93,25:57.1
937605,3/20/07 12:00,3/20/07 12:00,4.95,25:57.1
937617,3/21/07 12:00,3/21/07 12:00,4.96,25:57.1
937629,3/22/07 12:00,3/22/07 12:00,4.99,25:57.1
937641,3/23/07 12:00,3/23/07 12:00,4.96,25:57.1
937653,3/24/07 12:00,3/24/07 12:00,4.97,25:57.1
937665,3/25/07 12:00,3/25/07 12:00,4.98,25:57.1
937677,3/26/07 12:00,3/26/07 12:00,4.99,25:57.1
937689,3/27/07 12:00,3/27/07 12:00,4.99,25:57.1
937703,3/28/07 12:00,3/28/07 12:00,5.08,25:57.1
937714,3/29/07 12:00,3/29/07 12:00,5.2,25:57.1
937725,3/30/07 12:00,3/30/07 12:00,5.29,25:57.1
937736,3/31/07 12:00,3/31/07 12:00,5.32,25:57.1
937374,4/1/07 12:00,4/1/07 12:00,5.36,25:57.1
937388,4/2/07 12:00,4/2/07 12:00,5.4,25:57.1
937400,4/3/07 12:00,4/3/07 12:00,5.41,25:57.1
937412,4/4/07 12:00,4/4/07 12:00,5.37,25:57.1
937424,4/5/07 12:00,4/5/07 12:00,5.32,25:57.1
937436,4/6/07 12:00,4/6/07 12:00,5.33,25:57.1
937448,4/7/07 12:00,4/7/07 12:00,5.3,25:57.1
937460,4/8/07 12:00,4/8/07 12:00,5.25,25:57.1
937472,4/9/07 12:00,4/9/07 12:00,5.18,25:57.1
937484,4/10/07 12:00,4/10/07 12:00,5.17,25:57.1
937496,4/11/07 12:00,4/11/07 12:00,5.16,25:57.1
937508,4/12/07 12:00,4/12/07 12:00,5.11,25:57.1
937520,4/13/07 12:00,4/13/07 12:00,5.05,25:57.1
937532,4/14/07 12:00,4/14/07 12:00,5.02,25:57.1
937546,4/15/07 12:00,4/15/07 12:00,5,25:57.1
937558,4/16/07 12:00,4/16/07 12:00,4.95,25:57.1
937570,4/17/07 12:00,4/17/07 12:00,4.89,25:57.1
937582,4/18/07 12:00,4/18/07 12:00,4.86,25:57.1
937594,4/19/07 12:00,4/19/07 12:00,4.8,25:57.1
937606,4/20/07 12:00,4/20/07 12:00,4.74,25:57.1
937618,4/21/07 12:00,4/21/07 12:00,4.68,25:57.1
937630,4/22/07 12:00,4/22/07 12:00,4.58,25:57.1
937642,4/23/07 12:00,4/23/07 12:00,4.6,25:57.1
937654,4/24/07 12:00,4/24/07 12:00,4.55,25:57.1
937666,4/25/07 12:00,4/25/07 12:00,4.52,25:57.1
937678,4/26/07 12:00,4/26/07 12:00,4.47,25:57.1
937690,4/27/07 12:00,4/27/07 12:00,4.42,25:57.1
937704,4/28/07 12:00,4/28/07 12:00,4.4,25:57.1
937715,4/29/07 12:00,4/29/07 12:00,4.36,25:57.1
937726,4/30/07 12:00,4/30/07 12:00,4.34,25:57.1
937375,5/1/07 12:00,5/1/07 12:00,4.32,25:57.1
937389,5/2/07 12:00,5/2/07 12:00,4.28,25:57.1
937401,5/3/07 12:00,5/3/07 12:00,4.22,25:57.1
937413,5/4/07 12:00,5/4/07 12:00,4.2,25:57.1
937425,5/5/07 12:00,5/5/07 12:00,4.18,25:57.1
937437,5/6/07 12:00,5/6/07 12:00,4.15,25:57.1
937449,5/7/07 12:00,5/7/07 12:00,4.19,25:57.1
937461,5/8/07 12:00,5/8/07 12:00,4.21,25:57.1
937473,5/9/07 12:00,5/9/07 12:00,4.17,25:57.1
937485,5/10/07 12:00,5/10/07 12:00,4.18,25:57.1
937497,5/11/07 12:00,5/11/07 12:00,4.2,25:57.1
937509,5/12/07 12:00,5/12/07 12:00,4.21,25:57.1
937521,5/13/07 12:00,5/13/07 12:00,4.21,25:57.1
937533,5/14/07 12:00,5/14/07 12:00,4.22,25:57.1
937547,5/15/07 12:00,5/15/07 12:00,4.22,25:57.1
937559,5/16/07 12:00,5/16/07 12:00,4.22,25:57.1
937571,5/17/07 12:00,5/17/07 12:00,4.2,25:57.1
937583,5/18/07 12:00,5/18/07 12:00,4.18,25:57.1
937595,5/19/07 12:00,5/19/07 12:00,4.18,25:57.1
937607,5/20/07 12:00,5/20/07 12:00,4.16,25:57.1
937619,5/21/07 12:00,5/21/07 12:00,4.16,25:57.1
937631,5/22/07 12:00,5/22/07 12:00,4.14,25:57.1
937643,5/23/07 12:00,5/23/07 12:00,4.11,25:57.1
937655,5/24/07 12:00,5/24/07 12:00,4.09,25:57.1
937667,5/25/07 12:00,5/25/07 12:00,4.09,25:57.1
937679,5/26/07 12:00,5/26/07 12:00,4.08,25:57.1
937693,5/27/07 12:00,5/27/07 12:00,4.07,25:57.1
937705,5/28/07 12:00,5/28/07 12:00,4.04,25:57.1
937716,5/29/07 12:00,5/29/07 12:00,4.02,25:57.1
937727,5/30/07 12:00,5/30/07 12:00,4.01,25:57.1
937737,5/31/07 12:00,5/31/07 12:00,4.03,25:57.1
937376,6/1/07 12:00,6/1/07 12:00,4.05,25:57.1
937390,6/2/07 12:00,6/2/07 12:00,4.05,25:57.1
937402,6/3/07 12:00,6/3/07 12:00,4.03,25:57.1
937414,6/4/07 12:00,6/4/07 12:00,4.03,25:57.1
937426,6/5/07 12:00,6/5/07 12:00,4.05,25:57.1
937438,6/6/07 12:00,6/6/07 12:00,4.08,25:57.1
937450,6/7/07 12:00,6/7/07 12:00,4.08,25:57.1
937462,6/8/07 12:00,6/8/07 12:00,4.09,25:57.1
937474,6/9/07 12:00,6/9/07 12:00,4.11,25:57.1
937486,6/10/07 12:00,6/10/07 12:00,4.11,25:57.1
937498,6/11/07 12:00,6/11/07 12:00,4.12,25:57.1
937510,6/12/07 12:00,6/12/07 12:00,4.12,25:57.1
937522,6/13/07 12:00,6/13/07 12:00,4.12,25:57.1
937534,6/14/07 12:00,6/14/07 12:00,4.12,25:57.1
937548,6/15/07 12:00,6/15/07 12:00,4.13,25:57.1
937560,6/16/07 12:00,6/16/07 12:00,4.11,25:57.1
937572,6/17/07 12:00,6/17/07 12:00,4.11,25:57.1
937584,6/18/07 12:00,6/18/07 12:00,4.12,25:57.1
937596,6/19/07 12:00,6/19/07 12:00,4.11,25:57.1
937608,6/20/07 12:00,6/20/07 12:00,4.09,25:57.1
937620,6/21/07 12:00,6/21/07 12:00,4.06,25:57.1
937632,6/22/07 12:00,6/22/07 12:00,4.02,25:57.1
937644,6/23/07 12:00,6/23/07 12:00,4,25:57.1
937656,6/24/07 12:00,6/24/07 12:00,3.96,25:57.1
937668,6/25/07 12:00,6/25/07 12:00,3.92,25:57.1
937680,6/26/07 12:00,6/26/07 12:00,3.9,25:57.1
937694,6/27/07 12:00,6/27/07 12:00,3.84,25:57.1
937706,6/28/07 12:00,6/28/07 12:00,3.92,25:57.1
937717,6/29/07 12:00,6/29/07 12:00,3.75,25:57.1
937728,6/30/07 12:00,6/30/07 12:00,3.72,25:57.1
937377,7/1/07 12:00,7/1/07 12:00,3.68,25:57.1
937391,7/2/07 12:00,7/2/07 12:00,3.61,25:57.1
937403,7/3/07 12:00,7/3/07 12:00,3.55,25:57.1
937415,7/4/07 12:00,7/4/07 12:00,3.51,25:57.1
937427,7/5/07 12:00,7/5/07 12:00,3.46,25:57.1
937439,7/6/07 12:00,7/6/07 12:00,3.4,25:57.1
937451,7/7/07 12:00,7/7/07 12:00,3.35,25:57.1
937463,7/8/07 12:00,7/8/07 12:00,3.32,25:57.1
937475,7/9/07 12:00,7/9/07 12:00,3.25,25:57.1
937487,7/10/07 12:00,7/10/07 12:00,3.2,25:57.1
937499,7/11/07 12:00,7/11/07 12:00,3.18,25:57.1
937511,7/12/07 12:00,7/12/07 12:00,3.14,25:57.1
937523,7/13/07 12:00,7/13/07 12:00,3.11,25:57.1
937537,7/14/07 12:00,7/14/07 12:00,3.07,25:57.1
937549,7/15/07 12:00,7/15/07 12:00,3.03,25:57.1
937561,7/16/07 12:00,7/16/07 12:00,3.02,25:57.1
937573,7/17/07 12:00,7/17/07 12:00,2.98,25:57.1
937585,7/18/07 12:00,7/18/07 12:00,2.85,25:57.1
937597,7/19/07 12:00,7/19/07 12:00,2.81,25:57.1
937609,7/20/07 12:00,7/20/07 12:00,2.76,25:57.1
937621,7/21/07 12:00,7/21/07 12:00,2.7,25:57.1
937633,7/22/07 12:00,7/22/07 12:00,2.66,25:57.1
937645,7/23/07 12:00,7/23/07 12:00,2.66,25:57.1
937657,7/24/07 12:00,7/24/07 12:00,2.59,25:57.1
937669,7/25/07 12:00,7/25/07 12:00,2.58,25:57.1
937681,7/26/07 12:00,7/26/07 12:00,2.55,25:57.1
937695,7/27/07 12:00,7/27/07 12:00,2.55,25:57.1
937707,7/28/07 12:00,7/28/07 12:00,2.53,25:57.1
937718,7/29/07 12:00,7/29/07 12:00,2.6,25:57.1
937729,7/30/07 12:00,7/30/07 12:00,2.7,25:57.1
937738,7/31/07 12:00,7/31/07 12:00,2.66,25:57.1
937378,8/1/07 12:00,8/1/07 12:00,2.64,25:57.1
937392,8/2/07 12:00,8/2/07 12:00,2.62,25:57.1
937404,8/3/07 12:00,8/3/07 12:00,2.62,25:57.1
937416,8/4/07 12:00,8/4/07 12:00,2.68,25:57.1
937428,8/5/07 12:00,8/5/07 12:00,2.68,25:57.1
937440,8/6/07 12:00,8/6/07 12:00,2.65,25:57.1
937452,8/7/07 12:00,8/7/07 12:00,2.64,25:57.1
937464,8/8/07 12:00,8/8/07 12:00,2.62,25:57.1
937476,8/9/07 12:00,8/9/07 12:00,2.62,25:57.1
937488,8/10/07 12:00,8/10/07 12:00,2.61,25:57.1
937500,8/11/07 12:00,8/11/07 12:00,2.61,25:57.1
937512,8/12/07 12:00,8/12/07 12:00,2.58,25:57.1
937524,8/13/07 12:00,8/13/07 12:00,2.63,25:57.1
937538,8/14/07 12:00,8/14/07 12:00,2.6,25:57.1
937550,8/15/07 12:00,8/15/07 12:00,2.58,25:57.1
937562,8/16/07 12:00,8/16/07 12:00,2.53,25:57.1
937574,8/17/07 12:00,8/17/07 12:00,2.55,25:57.1
937586,8/18/07 12:00,8/18/07 12:00,2.56,25:57.1
937598,8/19/07 12:00,8/19/07 12:00,2.57,25:57.1
937610,8/20/07 12:00,8/20/07 12:00,2.53,25:57.1
937622,8/21/07 12:00,8/21/07 12:00,2.4,25:57.1
937634,8/22/07 12:00,8/22/07 12:00,2.35,25:57.1
937646,8/23/07 12:00,8/23/07 12:00,2.24,25:57.1
937658,8/24/07 12:00,8/24/07 12:00,2.18,25:57.1
937670,8/25/07 12:00,8/25/07 12:00,2.14,25:57.1
937682,8/26/07 12:00,8/26/07 12:00,2.18,25:57.1
937696,8/27/07 12:00,8/27/07 12:00,2.22,25:57.1
937708,8/28/07 12:00,8/28/07 12:00,2.12,25:57.1
937719,8/29/07 12:00,8/29/07 12:00,2.12,25:57.1
937730,8/30/07 12:00,8/30/07 12:00,2.01,25:57.1
937739,8/31/07 12:00,8/31/07 12:00,2.04,25:57.1
937381,9/1/07 12:00,9/1/07 12:00,2.03,25:57.1
937393,9/2/07 12:00,9/2/07 12:00,2,25:57.1
937405,9/3/07 12:00,9/3/07 12:00,1.96,25:57.1
937417,9/4/07 12:00,9/4/07 12:00,1.96,25:57.1
937429,9/5/07 12:00,9/5/07 12:00,1.92,25:57.1
937441,9/6/07 12:00,9/6/07 12:00,1.86,25:57.1
937453,9/7/07 12:00,9/7/07 12:00,1.95,25:57.1
937465,9/8/07 12:00,9/8/07 12:00,1.95,25:57.1
937477,9/9/07 12:00,9/9/07 12:00,1.92,25:57.1
937489,9/10/07 12:00,9/10/07 12:00,1.9,25:57.1
937501,9/11/07 12:00,9/11/07 12:00,1.92,25:57.1
937513,9/12/07 12:00,9/12/07 12:00,1.9,25:57.1
937525,9/13/07 12:00,9/13/07 12:00,2,25:57.1
937539,9/14/07 12:00,9/14/07 12:00,2.14,25:57.1
937551,9/15/07 12:00,9/15/07 12:00,2.22,25:57.1
937563,9/16/07 12:00,9/16/07 12:00,2.12,25:57.1
937575,9/17/07 12:00,9/17/07 12:00,2.2,25:57.1
937587,9/18/07 12:00,9/18/07 12:00,2.3,25:57.1
937599,9/19/07 12:00,9/19/07 12:00,2.33,25:57.1
937611,9/20/07 12:00,9/20/07 12:00,2.25,25:57.1
937623,9/21/07 12:00,9/21/07 12:00,2.16,25:57.1
937635,9/22/07 12:00,9/22/07 12:00,2.14,25:57.1
937647,9/23/07 12:00,9/23/07 12:00,2.1,25:57.1
937659,9/24/07 12:00,9/24/07 12:00,2.04,25:57.1
937671,9/25/07 12:00,9/25/07 12:00,2.03,25:57.1
937683,9/26/07 12:00,9/26/07 12:00,2.06,25:57.1
937697,9/27/07 12:00,9/27/07 12:00,2.1,25:57.1
937709,9/28/07 12:00,9/28/07 12:00,2.1,25:57.1
937720,9/29/07 12:00,9/29/07 12:00,2.1,25:57.1
937731,9/30/07 12:00,9/30/07 12:00,2.15,25:57.1
937382,10/1/07 12:00,10/1/07 12:00,2.21,25:57.1
937394,10/2/07 12:00,10/2/07 12:00,2.25,25:57.1
937406,10/3/07 12:00,10/3/07 12:00,2.28,25:57.1
937418,10/4/07 12:00,10/4/07 12:00,2.25,25:57.1
937430,10/5/07 12:00,10/5/07 12:00,2.23,25:57.1
937442,10/6/07 12:00,10/6/07 12:00,2.2,25:57.1
937454,10/7/07 12:00,10/7/07 12:00,2.12,25:57.1
937466,10/8/07 12:00,10/8/07 12:00,2.07,25:57.1
937478,10/9/07 12:00,10/9/07 12:00,2.12,25:57.1
937490,10/10/07 12:00,10/10/07 12:00,2.12,25:57.1
937502,10/11/07 12:00,10/11/07 12:00,2.06,25:57.1
937514,10/12/07 12:00,10/12/07 12:00,2.02,25:57.1
937526,10/13/07 12:00,10/13/07 12:00,2.12,25:57.1
937540,10/14/07 12:00,10/14/07 12:00,2.15,25:57.1
937552,10/15/07 12:00,10/15/07 12:00,2.18,25:57.1
937564,10/16/07 12:00,10/16/07 12:00,2.18,25:57.1
937576,10/17/07 12:00,10/17/07 12:00,2.13,25:57.1
937588,10/18/07 12:00,10/18/07 12:00,2.11,25:57.1
937600,10/19/07 12:00,10/19/07 12:00,2.1,25:57.1
937612,10/20/07 12:00,10/20/07 12:00,2.16,25:57.1
937624,10/21/07 12:00,10/21/07 12:00,2.42,25:57.1
937636,10/22/07 12:00,10/22/07 12:00,2.18,25:57.1
937648,10/23/07 12:00,10/23/07 12:00,2.14,25:57.1
937660,10/24/07 12:00,10/24/07 12:00,2.1,25:57.1
937672,10/25/07 12:00,10/25/07 12:00,2.05,25:57.1
937684,10/26/07 12:00,10/26/07 12:00,2.04,25:57.1
937698,10/27/07 12:00,10/27/07 12:00,2,25:57.1
937710,10/28/07 12:00,10/28/07 12:00,2.12,25:57.1
937721,10/29/07 12:00,10/29/07 12:00,2.12,25:57.1
937732,10/30/07 12:00,10/30/07 12:00,2.12,25:57.1
937740,10/31/07 12:00,10/31/07 12:00,2.24,25:57.1
937383,11/1/07 12:00,11/1/07 12:00,2.3,25:57.1
937395,11/2/07 12:00,11/2/07 12:00,2.27,25:57.1
937407,11/3/07 12:00,11/3/07 12:00,2.34,25:57.1
937419,11/4/07 12:00,11/4/07 12:00,2.3,25:57.1
937431,11/5/07 12:00,11/5/07 12:00,2.24,25:57.1
937443,11/6/07 12:00,11/6/07 12:00,2.32,25:57.1
937455,11/7/07 12:00,11/7/07 12:00,2.32,25:57.1
937467,11/8/07 12:00,11/8/07 12:00,2.3,25:57.1
937479,11/9/07 12:00,11/9/07 12:00,2.29,25:57.1
937491,11/10/07 12:00,11/10/07 12:00,2.36,25:57.1
937503,11/11/07 12:00,11/11/07 12:00,2.36,25:57.1
937515,11/12/07 12:00,11/12/07 12:00,2.46,25:57.1
937527,11/13/07 12:00,11/13/07 12:00,2.5,25:57.1
937541,11/14/07 12:00,11/14/07 12:00,2.52,25:57.1
937553,11/15/07 12:00,11/15/07 12:00,2.45,25:57.1
937565,11/16/07 12:00,11/16/07 12:00,2.48,25:57.1
937577,11/17/07 12:00,11/17/07 12:00,2.52,25:57.1
937589,11/18/07 12:00,11/18/07 12:00,2.48,25:57.1
937601,11/19/07 12:00,11/19/07 12:00,2.4,25:57.1
937613,11/20/07 12:00,11/20/07 12:00,2.37,25:57.1
937625,11/21/07 12:00,11/21/07 12:00,2.37,25:57.1
937637,11/22/07 12:00,11/22/07 12:00,2.41,25:57.1
937649,11/23/07 12:00,11/23/07 12:00,2.48,25:57.1
937661,11/24/07 12:00,11/24/07 12:00,2.55,25:57.1
937673,11/25/07 12:00,11/25/07 12:00,2.58,25:57.1
937685,11/26/07 12:00,11/26/07 12:00,2.75,25:57.1
937699,11/27/07 12:00,11/27/07 12:00,2.8,25:57.1
937711,11/28/07 12:00,11/28/07 12:00,2.86,25:57.1
937722,11/29/07 12:00,11/29/07 12:00,2.9,25:57.1
937733,11/30/07 12:00,11/30/07 12:00,2.92,25:57.1
937384,12/1/07 12:00,12/1/07 12:00,2.94,25:57.1
937396,12/2/07 12:00,12/2/07 12:00,2.92,25:57.1
937408,12/3/07 12:00,12/3/07 12:00,2.88,25:57.1
937420,12/4/07 12:00,12/4/07 12:00,2.86,25:57.1
937432,12/5/07 12:00,12/5/07 12:00,2.85,25:57.1
937444,12/6/07 12:00,12/6/07 12:00,2.85,25:57.1
937456,12/7/07 12:00,12/7/07 12:00,2.85,25:57.1
937468,12/8/07 12:00,12/8/07 12:00,2.85,25:57.1
937480,12/9/07 12:00,12/9/07 12:00,2.8,25:57.1
937492,12/10/07 12:00,12/10/07 12:00,2.72,25:57.1
937504,12/11/07 12:00,12/11/07 12:00,2.72,25:57.1
937516,12/12/07 12:00,12/12/07 12:00,2.64,25:57.1
937528,12/13/07 12:00,12/13/07 12:00,2.65,25:57.1
937542,12/14/07 12:00,12/14/07 12:00,2.56,25:57.1
937554,12/15/07 12:00,12/15/07 12:00,2.5,25:57.1
937566,12/16/07 12:00,12/16/07 12:00,2.43,25:57.1
937578,12/17/07 12:00,12/17/07 12:00,2.52,25:57.1
937590,12/18/07 12:00,12/18/07 12:00,2.51,25:57.1
937602,12/19/07 12:00,12/19/07 12:00,2.48,25:57.1
937614,12/20/07 12:00,12/20/07 12:00,2.44,25:57.1
937626,12/21/07 12:00,12/21/07 12:00,2.5,25:57.1
937638,12/22/07 12:00,12/22/07 12:00,2.5,25:57.1
937650,12/23/07 12:00,12/23/07 12:00,2.47,25:57.1
937662,12/24/07 12:00,12/24/07 12:00,2.61,25:57.1
937674,12/25/07 12:00,12/25/07 12:00,2.62,25:57.1
937686,12/26/07 12:00,12/26/07 12:00,2.6,25:57.1
937700,12/27/07 12:00,12/27/07 12:00,2.57,25:57.1
937712,12/28/07 12:00,12/28/07 12:00,2.56,25:57.1
937723,12/29/07 12:00,12/29/07 12:00,2.56,25:57.1
937734,12/30/07 12:00,12/30/07 12:00,2.54,25:57.1
937741,12/31/07 12:00,12/31/07 12:00,2.52,25:57.1
937742,1/1/08 12:00,1/1/08 12:00,2.47,25:57.1
937754,1/2/08 12:00,1/2/08 12:00,2.47,25:57.1
937766,1/3/08 12:00,1/3/08 12:00,2.42,25:57.1
937778,1/4/08 12:00,1/4/08 12:00,2.36,25:57.1
937790,1/5/08 12:00,1/5/08 12:00,2.34,25:57.1
937802,1/6/08 12:00,1/6/08 12:00,2.44,25:57.1
937814,1/7/08 12:00,1/7/08 12:00,2.42,25:57.1
937826,1/8/08 12:00,1/8/08 12:00,2.36,25:57.1
937838,1/9/08 12:00,1/9/08 12:00,2.3,25:57.1
937852,1/10/08 12:00,1/10/08 12:00,2.28,25:57.1
937864,1/11/08 12:00,1/11/08 12:00,2.26,25:57.1
937876,1/12/08 12:00,1/12/08 12:00,2.22,25:57.1
937888,1/13/08 12:00,1/13/08 12:00,2.25,25:57.1
937900,1/14/08 12:00,1/14/08 12:00,2.26,25:57.1
937912,1/15/08 12:00,1/15/08 12:00,2.22,25:57.1
937924,1/16/08 12:00,1/16/08 12:00,2.2,25:57.1
937936,1/17/08 12:00,1/17/08 12:00,2.22,25:57.1
937948,1/18/08 12:00,1/18/08 12:00,2.27,25:57.1
937960,1/19/08 12:00,1/19/08 12:00,2.44,25:57.1
937972,1/20/08 12:00,1/20/08 12:00,2.43,25:57.1
937984,1/21/08 12:00,1/21/08 12:00,2.48,25:57.1
937996,1/22/08 12:00,1/22/08 12:00,2.46,25:57.1
938010,1/23/08 12:00,1/23/08 12:00,2.42,25:57.1
938022,1/24/08 12:00,1/24/08 12:00,2.42,25:57.1
938034,1/25/08 12:00,1/25/08 12:00,2.46,25:57.1
938046,1/26/08 12:00,1/26/08 12:00,2.5,25:57.1
938058,1/27/08 12:00,1/27/08 12:00,2.52,25:57.1
938070,1/28/08 12:00,1/28/08 12:00,2.54,25:57.1
938082,1/29/08 12:00,1/29/08 12:00,2.55,25:57.1
938094,1/30/08 12:00,1/30/08 12:00,2.57,25:57.1
938105,1/31/08 12:00,1/31/08 12:00,2.55,25:57.1
937743,2/1/08 12:00,2/1/08 12:00,2.57,25:57.1
937755,2/2/08 12:00,2/2/08 12:00,2.62,25:57.1
937767,2/3/08 12:00,2/3/08 12:00,2.6,25:57.1
937779,2/4/08 12:00,2/4/08 12:00,2.57,25:57.1
937791,2/5/08 12:00,2/5/08 12:00,2.63,25:57.1
937803,2/6/08 12:00,2/6/08 12:00,2.58,25:57.1
937815,2/7/08 12:00,2/7/08 12:00,2.58,25:57.1
937827,2/8/08 12:00,2/8/08 12:00,2.56,25:57.1
937839,2/9/08 12:00,2/9/08 12:00,2.62,25:57.1
937853,2/10/08 12:00,2/10/08 12:00,2.69,25:57.1
937865,2/11/08 12:00,2/11/08 12:00,2.69,25:57.1
937877,2/12/08 12:00,2/12/08 12:00,2.54,25:57.1
937889,2/13/08 12:00,2/13/08 12:00,2.56,25:57.1
937901,2/14/08 12:00,2/14/08 12:00,2.5,25:57.1
937913,2/15/08 12:00,2/15/08 12:00,2.42,25:57.1
937925,2/16/08 12:00,2/16/08 12:00,2.37,25:57.1
937937,2/17/08 12:00,2/17/08 12:00,2.3,25:57.1
937949,2/18/08 12:00,2/18/08 12:00,2.31,25:57.1
937961,2/19/08 12:00,2/19/08 12:00,2.26,25:57.1
937973,2/20/08 12:00,2/20/08 12:00,2.22,25:57.1
937985,2/21/08 12:00,2/21/08 12:00,2.23,25:57.1
937997,2/22/08 12:00,2/22/08 12:00,2.21,25:57.1
938011,2/23/08 12:00,2/23/08 12:00,2.23,25:57.1
938023,2/24/08 12:00,2/24/08 12:00,2.3,25:57.1
938035,2/25/08 12:00,2/25/08 12:00,2.38,25:57.1
938047,2/26/08 12:00,2/26/08 12:00,2.43,25:57.1
938059,2/27/08 12:00,2/27/08 12:00,2.44,25:57.1
938071,2/28/08 12:00,2/28/08 12:00,2.47,25:57.1
938083,2/29/08 12:00,2/29/08 12:00,2.48,25:57.1
937744,3/1/08 12:00,3/1/08 12:00,2.49,25:57.1
937756,3/2/08 12:00,3/2/08 12:00,2.53,25:57.1
937768,3/3/08 12:00,3/3/08 12:00,2.52,25:57.1
937780,3/4/08 12:00,3/4/08 12:00,2.53,25:57.1
937792,3/5/08 12:00,3/5/08 12:00,2.56,25:57.1
937804,3/6/08 12:00,3/6/08 12:00,2.59,25:57.1
937816,3/7/08 12:00,3/7/08 12:00,2.58,25:57.1
937828,3/8/08 12:00,3/8/08 12:00,2.58,25:57.1
937840,3/9/08 12:00,3/9/08 12:00,2.62,25:57.1
937854,3/10/08 12:00,3/10/08 12:00,2.67,25:57.1
937866,3/11/08 12:00,3/11/08 12:00,2.68,25:57.1
937878,3/12/08 12:00,3/12/08 12:00,2.71,25:57.1
937890,3/13/08 12:00,3/13/08 12:00,2.75,25:57.1
937902,3/14/08 12:00,3/14/08 12:00,2.71,25:57.1
937914,3/15/08 12:00,3/15/08 12:00,2.68,25:57.1
937926,3/16/08 12:00,3/16/08 12:00,2.71,25:57.1
937938,3/17/08 12:00,3/17/08 12:00,2.72,25:57.1
937950,3/18/08 12:00,3/18/08 12:00,2.68,25:57.1
937962,3/19/08 12:00,3/19/08 12:00,2.66,25:57.1
937974,3/20/08 12:00,3/20/08 12:00,2.69,25:57.1
937986,3/21/08 12:00,3/21/08 12:00,2.71,25:57.1
937998,3/22/08 12:00,3/22/08 12:00,2.68,25:57.1
938012,3/23/08 12:00,3/23/08 12:00,2.71,25:57.1
938024,3/24/08 12:00,3/24/08 12:00,2.76,25:57.1
938036,3/25/08 12:00,3/25/08 12:00,2.8,25:57.1
938048,3/26/08 12:00,3/26/08 12:00,2.76,25:57.1
938060,3/27/08 12:00,3/27/08 12:00,2.76,25:57.1
938072,3/28/08 12:00,3/28/08 12:00,2.74,25:57.1
938084,3/29/08 12:00,3/29/08 12:00,2.72,25:57.1
938095,3/30/08 12:00,3/30/08 12:00,2.75,25:57.1
938106,3/31/08 12:00,3/31/08 12:00,2.72,25:57.1
937745,4/1/08 12:00,4/1/08 12:00,2.68,25:57.1
937757,4/2/08 12:00,4/2/08 12:00,2.6,25:57.1
937769,4/3/08 12:00,4/3/08 12:00,2.58,25:57.1
937781,4/4/08 12:00,4/4/08 12:00,2.59,25:57.1
937793,4/5/08 12:00,4/5/08 12:00,2.62,25:57.1
937805,4/6/08 12:00,4/6/08 12:00,2.63,25:57.1
937817,4/7/08 12:00,4/7/08 12:00,2.65,25:57.1
937829,4/8/08 12:00,4/8/08 12:00,2.67,25:57.1
937841,4/9/08 12:00,4/9/08 12:00,2.72,25:57.1
937855,4/10/08 12:00,4/10/08 12:00,2.74,25:57.1
937867,4/11/08 12:00,4/11/08 12:00,2.76,25:57.1
937879,4/12/08 12:00,4/12/08 12:00,2.78,25:57.1
937891,4/13/08 12:00,4/13/08 12:00,2.77,25:57.1
937903,4/14/08 12:00,4/14/08 12:00,2.82,25:57.1
937915,4/15/08 12:00,4/15/08 12:00,2.78,25:57.1
937927,4/16/08 12:00,4/16/08 12:00,2.8,25:57.1
937939,4/17/08 12:00,4/17/08 12:00,2.81,25:57.1
937951,4/18/08 12:00,4/18/08 12:00,2.78,25:57.1
937963,4/19/08 12:00,4/19/08 12:00,2.76,25:57.1
937975,4/20/08 12:00,4/20/08 12:00,2.78,25:57.1
937987,4/21/08 12:00,4/21/08 12:00,2.8,25:57.1
937999,4/22/08 12:00,4/22/08 12:00,2.83,25:57.1
938013,4/23/08 12:00,4/23/08 12:00,2.84,25:57.1
938025,4/24/08 12:00,4/24/08 12:00,2.86,25:57.1
938037,4/25/08 12:00,4/25/08 12:00,2.88,25:57.1
938049,4/26/08 12:00,4/26/08 12:00,2.92,25:57.1
938061,4/27/08 12:00,4/27/08 12:00,3.04,25:57.1
938073,4/28/08 12:00,4/28/08 12:00,3.1,25:57.1
938085,4/29/08 12:00,4/29/08 12:00,3.14,25:57.1
938096,4/30/08 12:00,4/30/08 12:00,3.11,25:57.1
937746,5/1/08 12:00,5/1/08 12:00,3.12,25:57.1
937758,5/2/08 12:00,5/2/08 12:00,3.14,25:57.1
937770,5/3/08 12:00,5/3/08 12:00,3.18,25:57.1
937782,5/4/08 12:00,5/4/08 12:00,3.18,25:57.1
937794,5/5/08 12:00,5/5/08 12:00,3.22,25:57.1
937806,5/6/08 12:00,5/6/08 12:00,3.22,25:57.1
937818,5/7/08 12:00,5/7/08 12:00,3.22,25:57.1
937830,5/8/08 12:00,5/8/08 12:00,3.23,25:57.1
937842,5/9/08 12:00,5/9/08 12:00,3.24,25:57.1
937856,5/10/08 12:00,5/10/08 12:00,3.27,25:57.1
937868,5/11/08 12:00,5/11/08 12:00,3.29,25:57.1
937880,5/12/08 12:00,5/12/08 12:00,3.3,25:57.1
937892,5/13/08 12:00,5/13/08 12:00,3.31,25:57.1
937904,5/14/08 12:00,5/14/08 12:00,3.31,25:57.1
937916,5/15/08 12:00,5/15/08 12:00,3.31,25:57.1
937928,5/16/08 12:00,5/16/08 12:00,3.3,25:57.1
937940,5/17/08 12:00,5/17/08 12:00,3.29,25:57.1
937952,5/18/08 12:00,5/18/08 12:00,3.32,25:57.1
937964,5/19/08 12:00,5/19/08 12:00,3.3,25:57.1
937976,5/20/08 12:00,5/20/08 12:00,3.22,25:57.1
937988,5/21/08 12:00,5/21/08 12:00,3.21,25:57.1
938000,5/22/08 12:00,5/22/08 12:00,3.16,25:57.1
938014,5/23/08 12:00,5/23/08 12:00,3.16,25:57.1
938026,5/24/08 12:00,5/24/08 12:00,3.1,25:57.1
938038,5/25/08 12:00,5/25/08 12:00,3.01,25:57.1
938050,5/26/08 12:00,5/26/08 12:00,2.89,25:57.1
938062,5/27/08 12:00,5/27/08 12:00,2.86,25:57.1
938074,5/28/08 12:00,5/28/08 12:00,2.81,25:57.1
938086,5/29/08 12:00,5/29/08 12:00,2.83,25:57.1
938097,5/30/08 12:00,5/30/08 12:00,2.7,25:57.1
938107,5/31/08 12:00,5/31/08 12:00,2.75,25:57.1
937747,6/1/08 12:00,6/1/08 12:00,2.73,25:57.1
937759,6/2/08 12:00,6/2/08 12:00,2.72,25:57.1
937771,6/3/08 12:00,6/3/08 12:00,2.68,25:57.1
937783,6/4/08 12:00,6/4/08 12:00,2.65,25:57.1
937795,6/5/08 12:00,6/5/08 12:00,2.63,25:57.1
937807,6/6/08 12:00,6/6/08 12:00,2.56,25:57.1
937819,6/7/08 12:00,6/7/08 12:00,2.47,25:57.1
937831,6/8/08 12:00,6/8/08 12:00,2.43,25:57.1
937843,6/9/08 12:00,6/9/08 12:00,2.42,25:57.1
937857,6/10/08 12:00,6/10/08 12:00,2.38,25:57.1
937869,6/11/08 12:00,6/11/08 12:00,2.37,25:57.1
937881,6/12/08 12:00,6/12/08 12:00,2.4,25:57.1
937893,6/13/08 12:00,6/13/08 12:00,2.34,25:57.1
937905,6/14/08 12:00,6/14/08 12:00,2.4,25:57.1
937917,6/15/08 12:00,6/15/08 12:00,2.4,25:57.1
937929,6/16/08 12:00,6/16/08 12:00,2.36,25:57.1
937941,6/17/08 12:00,6/17/08 12:00,2.38,25:57.1
937953,6/18/08 12:00,6/18/08 12:00,2.42,25:57.1
937965,6/19/08 12:00,6/19/08 12:00,2.41,25:57.1
937977,6/20/08 12:00,6/20/08 12:00,2.47,25:57.1
937989,6/21/08 12:00,6/21/08 12:00,2.44,25:57.1
938001,6/22/08 12:00,6/22/08 12:00,2.59,25:57.1
938015,6/23/08 12:00,6/23/08 12:00,2.62,25:57.1
938027,6/24/08 12:00,6/24/08 12:00,2.58,25:57.1
938039,6/25/08 12:00,6/25/08 12:00,2.54,25:57.1
938051,6/26/08 12:00,6/26/08 12:00,2.53,25:57.1
938063,6/27/08 12:00,6/27/08 12:00,2.53,25:57.1
938075,6/28/08 12:00,6/28/08 12:00,2.53,25:57.1
938087,6/29/08 12:00,6/29/08 12:00,2.55,25:57.1
938098,6/30/08 12:00,6/30/08 12:00,2.55,25:57.1
937748,7/1/08 12:00,7/1/08 12:00,2.56,25:57.1
937760,7/2/08 12:00,7/2/08 12:00,2.55,25:57.1
937772,7/3/08 12:00,7/3/08 12:00,2.57,25:57.1
937784,7/4/08 12:00,7/4/08 12:00,2.64,25:57.1
937796,7/5/08 12:00,7/5/08 12:00,2.66,25:57.1
937808,7/6/08 12:00,7/6/08 12:00,2.66,25:57.1
937820,7/7/08 12:00,7/7/08 12:00,2.65,25:57.1
937832,7/8/08 12:00,7/8/08 12:00,2.65,25:57.1
937844,7/9/08 12:00,7/9/08 12:00,2.67,25:57.1
937858,7/10/08 12:00,7/10/08 12:00,2.62,25:57.1
937870,7/11/08 12:00,7/11/08 12:00,2.62,25:57.1
937882,7/12/08 12:00,7/12/08 12:00,2.64,25:57.1
937894,7/13/08 12:00,7/13/08 12:00,2.62,25:57.1
937906,7/14/08 12:00,7/14/08 12:00,2.56,25:57.1
937918,7/15/08 12:00,7/15/08 12:00,2.48,25:57.1
937930,7/16/08 12:00,7/16/08 12:00,2.47,25:57.1
937942,7/17/08 12:00,7/17/08 12:00,2.47,25:57.1
937954,7/18/08 12:00,7/18/08 12:00,2.41,25:57.1
937966,7/19/08 12:00,7/19/08 12:00,2.32,25:57.1
937978,7/20/08 12:00,7/20/08 12:00,2.3,25:57.1
937990,7/21/08 12:00,7/21/08 12:00,2.33,25:57.1
938002,7/22/08 12:00,7/22/08 12:00,2.36,25:57.1
938016,7/23/08 12:00,7/23/08 12:00,2.36,25:57.1
938028,7/24/08 12:00,7/24/08 12:00,2.4,25:57.1
938040,7/25/08 12:00,7/25/08 12:00,2.4,25:57.1
938052,7/26/08 12:00,7/26/08 12:00,2.34,25:57.1
938064,7/27/08 12:00,7/27/08 12:00,2.27,25:57.1
938076,7/28/08 12:00,7/28/08 12:00,2.23,25:57.1
938088,7/29/08 12:00,7/29/08 12:00,2.19,25:57.1
938099,7/30/08 12:00,7/30/08 12:00,2.18,25:57.1
938108,7/31/08 12:00,7/31/08 12:00,2.16,25:57.1
937749,8/1/08 12:00,8/1/08 12:00,2.16,25:57.1
937761,8/2/08 12:00,8/2/08 12:00,2.18,25:57.1
937773,8/3/08 12:00,8/3/08 12:00,2.23,25:57.1
937785,8/4/08 12:00,8/4/08 12:00,2.26,25:57.1
937797,8/5/08 12:00,8/5/08 12:00,2.37,25:57.1
937809,8/6/08 12:00,8/6/08 12:00,2.29,25:57.1
937821,8/7/08 12:00,8/7/08 12:00,2.24,25:57.1
937833,8/8/08 12:00,8/8/08 12:00,2.24,25:57.1
937845,8/9/08 12:00,8/9/08 12:00,2.22,25:57.1
937859,8/10/08 12:00,8/10/08 12:00,2.3,25:57.1
937871,8/11/08 12:00,8/11/08 12:00,2.33,25:57.1
937883,8/12/08 12:00,8/12/08 12:00,2.35,25:57.1
937895,8/13/08 12:00,8/13/08 12:00,2.29,25:57.1
937907,8/14/08 12:00,8/14/08 12:00,2.35,25:57.1
937919,8/15/08 12:00,8/15/08 12:00,2.4,25:57.1
937931,8/16/08 12:00,8/16/08 12:00,2.44,25:57.1
937943,8/17/08 12:00,8/17/08 12:00,2.46,25:57.1
937955,8/18/08 12:00,8/18/08 12:00,2.44,25:57.1
937967,8/19/08 12:00,8/19/08 12:00,2.52,25:57.1
937979,8/20/08 12:00,8/20/08 12:00,2.6,25:57.1
937991,8/21/08 12:00,8/21/08 12:00,2.66,25:57.1
938005,8/22/08 12:00,8/22/08 12:00,2.7,25:57.1
938017,8/23/08 12:00,8/23/08 12:00,2.72,25:57.1
938029,8/24/08 12:00,8/24/08 12:00,2.78,25:57.1
938041,8/25/08 12:00,8/25/08 12:00,2.8,25:57.1
938053,8/26/08 12:00,8/26/08 12:00,2.82,25:57.1
938065,8/27/08 12:00,8/27/08 12:00,2.87,25:57.1
938077,8/28/08 12:00,8/28/08 12:00,2.92,25:57.1
938089,8/29/08 12:00,8/29/08 12:00,2.87,25:57.1
938100,8/30/08 12:00,8/30/08 12:00,2.96,25:57.1
938109,8/31/08 12:00,8/31/08 12:00,3.02,25:57.1
937750,9/1/08 12:00,9/1/08 12:00,3.04,25:57.1
937762,9/2/08 12:00,9/2/08 12:00,3.01,25:57.1
937774,9/3/08 12:00,9/3/08 12:00,2.96,25:57.1
937786,9/4/08 12:00,9/4/08 12:00,2.89,25:57.1
937798,9/5/08 12:00,9/5/08 12:00,2.92,25:57.1
937810,9/6/08 12:00,9/6/08 12:00,2.94,25:57.1
937822,9/7/08 12:00,9/7/08 12:00,2.92,25:57.1
937834,9/8/08 12:00,9/8/08 12:00,2.86,25:57.1
937846,9/9/08 12:00,9/9/08 12:00,2.78,25:57.1
937860,9/10/08 12:00,9/10/08 12:00,2.71,25:57.1
937872,9/11/08 12:00,9/11/08 12:00,2.63,25:57.1
937884,9/12/08 12:00,9/12/08 12:00,2.57,25:57.1
937896,9/13/08 12:00,9/13/08 12:00,2.52,25:57.1
937908,9/14/08 12:00,9/14/08 12:00,2.54,25:57.1
937920,9/15/08 12:00,9/15/08 12:00,2.5,25:57.1
937932,9/16/08 12:00,9/16/08 12:00,2.47,25:57.1
937944,9/17/08 12:00,9/17/08 12:00,2.43,25:57.1
937956,9/18/08 12:00,9/18/08 12:00,2.38,25:57.1
937968,9/19/08 12:00,9/19/08 12:00,2.32,25:57.1
937980,9/20/08 12:00,9/20/08 12:00,2.27,25:57.1
937992,9/21/08 12:00,9/21/08 12:00,2.26,25:57.1
938006,9/22/08 12:00,9/22/08 12:00,2.2,25:57.1
938018,9/23/08 12:00,9/23/08 12:00,2.18,25:57.1
938030,9/24/08 12:00,9/24/08 12:00,2.15,25:57.1
938042,9/25/08 12:00,9/25/08 12:00,2.11,25:57.1
938054,9/26/08 12:00,9/26/08 12:00,2.02,25:57.1
938066,9/27/08 12:00,9/27/08 12:00,1.96,25:57.1
938078,9/28/08 12:00,9/28/08 12:00,2.05,25:57.1
938090,9/29/08 12:00,9/29/08 12:00,1.96,25:57.1
938101,9/30/08 12:00,9/30/08 12:00,1.92,25:57.1
937751,10/1/08 12:00,10/1/08 12:00,1.93,25:57.1
937763,10/2/08 12:00,10/2/08 12:00,1.99,25:57.1
937775,10/3/08 12:00,10/3/08 12:00,1.96,25:57.1
937787,10/4/08 12:00,10/4/08 12:00,1.9,25:57.1
937799,10/5/08 12:00,10/5/08 12:00,1.93,25:57.1
937811,10/6/08 12:00,10/6/08 12:00,1.9,25:57.1
937823,10/7/08 12:00,10/7/08 12:00,1.84,25:57.1
937835,10/8/08 12:00,10/8/08 12:00,1.78,25:57.1
937849,10/9/08 12:00,10/9/08 12:00,1.92,25:57.1
937861,10/10/08 12:00,10/10/08 12:00,1.98,25:57.1
937873,10/11/08 12:00,10/11/08 12:00,1.94,25:57.1
937885,10/12/08 12:00,10/12/08 12:00,1.92,25:57.1
937897,10/13/08 12:00,10/13/08 12:00,1.95,25:57.1
937909,10/14/08 12:00,10/14/08 12:00,2.04,25:57.1
937921,10/15/08 12:00,10/15/08 12:00,2.22,25:57.1
937933,10/16/08 12:00,10/16/08 12:00,2.42,25:57.1
937945,10/17/08 12:00,10/17/08 12:00,2.54,25:57.1
937957,10/18/08 12:00,10/18/08 12:00,2.63,25:57.1
937969,10/19/08 12:00,10/19/08 12:00,2.67,25:57.1
937981,10/20/08 12:00,10/20/08 12:00,2.7,25:57.1
937993,10/21/08 12:00,10/21/08 12:00,2.7,25:57.1
938007,10/22/08 12:00,10/22/08 12:00,2.7,25:57.1
938019,10/23/08 12:00,10/23/08 12:00,2.68,25:57.1
938031,10/24/08 12:00,10/24/08 12:00,2.72,25:57.1
938043,10/25/08 12:00,10/25/08 12:00,2.76,25:57.1
938055,10/26/08 12:00,10/26/08 12:00,2.74,25:57.1
938067,10/27/08 12:00,10/27/08 12:00,2.75,25:57.1
938079,10/28/08 12:00,10/28/08 12:00,2.74,25:57.1
938091,10/29/08 12:00,10/29/08 12:00,2.77,25:57.1
938102,10/30/08 12:00,10/30/08 12:00,2.75,25:57.1
938110,10/31/08 12:00,10/31/08 12:00,2.72,25:57.1
937752,11/1/08 12:00,11/1/08 12:00,2.76,25:57.1
937764,11/2/08 12:00,11/2/08 12:00,2.77,25:57.1
937776,11/3/08 12:00,11/3/08 12:00,2.76,25:57.1
937788,11/4/08 12:00,11/4/08 12:00,2.88,25:57.1
937800,11/5/08 12:00,11/5/08 12:00,2.92,25:57.1
937812,11/6/08 12:00,11/6/08 12:00,2.94,25:57.1
937824,11/7/08 12:00,11/7/08 12:00,2.95,25:57.1
937836,11/8/08 12:00,11/8/08 12:00,3,25:57.1
937850,11/9/08 12:00,11/9/08 12:00,3.09,25:57.1
937862,11/10/08 12:00,11/10/08 12:00,3.1,25:57.1
937874,11/11/08 12:00,11/11/08 12:00,3.12,25:57.1
937886,11/12/08 12:00,11/12/08 12:00,3.15,25:57.1
937898,11/13/08 12:00,11/13/08 12:00,3.19,25:57.1
937910,11/14/08 12:00,11/14/08 12:00,3.21,25:57.1
937922,11/15/08 12:00,11/15/08 12:00,3.23,25:57.1
937934,11/16/08 12:00,11/16/08 12:00,3.21,25:57.1
937946,11/17/08 12:00,11/17/08 12:00,3.24,25:57.1
937958,11/18/08 12:00,11/18/08 12:00,3.34,25:57.1
937970,11/19/08 12:00,11/19/08 12:00,3.32,25:57.1
937982,11/20/08 12:00,11/20/08 12:00,3.35,25:57.1
937994,11/21/08 12:00,11/21/08 12:00,3.37,25:57.1
938008,11/22/08 12:00,11/22/08 12:00,3.35,25:57.1
938020,11/23/08 12:00,11/23/08 12:00,3.34,25:57.1
938032,11/24/08 12:00,11/24/08 12:00,3.32,25:57.1
938044,11/25/08 12:00,11/25/08 12:00,3.3,25:57.1
938056,11/26/08 12:00,11/26/08 12:00,3.27,25:57.1
938068,11/27/08 12:00,11/27/08 12:00,3.26,25:57.1
938080,11/28/08 12:00,11/28/08 12:00,3.29,25:57.1
938092,11/29/08 12:00,11/29/08 12:00,3.28,25:57.1
938103,11/30/08 12:00,11/30/08 12:00,3.27,25:57.1
937753,12/1/08 12:00,12/1/08 12:00,3.29,25:57.1
937765,12/2/08 12:00,12/2/08 12:00,3.32,25:57.1
937777,12/3/08 12:00,12/3/08 12:00,3.31,25:57.1
937789,12/4/08 12:00,12/4/08 12:00,3.24,25:57.1
937801,12/5/08 12:00,12/5/08 12:00,3.18,25:57.1
937813,12/6/08 12:00,12/6/08 12:00,3.1,25:57.1
937825,12/7/08 12:00,12/7/08 12:00,3,25:57.1
937837,12/8/08 12:00,12/8/08 12:00,2.88,25:57.1
937851,12/9/08 12:00,12/9/08 12:00,2.86,25:57.1
937863,12/10/08 12:00,12/10/08 12:00,2.71,25:57.1
937875,12/11/08 12:00,12/11/08 12:00,2.67,25:57.1
937887,12/12/08 12:00,12/12/08 12:00,2.7,25:57.1
937899,12/13/08 12:00,12/13/08 12:00,2.73,25:57.1
937911,12/14/08 12:00,12/14/08 12:00,2.64,25:57.1
937923,12/15/08 12:00,12/15/08 12:00,2.51,25:57.1
937935,12/16/08 12:00,12/16/08 12:00,2.4,25:57.1
937947,12/17/08 12:00,12/17/08 12:00,2.29,25:57.1
937959,12/18/08 12:00,12/18/08 12:00,2.19,25:57.1
937971,12/19/08 12:00,12/19/08 12:00,2.1,25:57.1
937983,12/20/08 12:00,12/20/08 12:00,2.05,25:57.1
937995,12/21/08 12:00,12/21/08 12:00,2.03,25:57.1
938009,12/22/08 12:00,12/22/08 12:00,2,25:57.1
938021,12/23/08 12:00,12/23/08 12:00,1.92,25:57.1
938033,12/24/08 12:00,12/24/08 12:00,2.01,25:57.1
938045,12/25/08 12:00,12/25/08 12:00,1.97,25:57.1
938057,12/26/08 12:00,12/26/08 12:00,1.97,25:57.1
938069,12/27/08 12:00,12/27/08 12:00,1.82,25:57.1
938081,12/28/08 12:00,12/28/08 12:00,1.82,25:57.1
938093,12/29/08 12:00,12/29/08 12:00,1.68,25:57.1
938104,12/30/08 12:00,12/30/08 12:00,1.58,25:57.1
938111,12/31/08 12:00,12/31/08 12:00,1.64,25:57.1
1908814,1/1/09 12:00,1/1/09 12:00,1.55,25:57.1
1864521,1/2/09 12:00,1/2/09 12:00,1.46,25:57.1
1864533,1/3/09 12:00,1/3/09 12:00,1.48,25:57.1
1864545,1/4/09 12:00,1/4/09 12:00,1.35,25:57.1
1864557,1/5/09 12:00,1/5/09 12:00,1.23,25:57.1
1864569,1/6/09 12:00,1/6/09 12:00,1.02,25:57.1
1864583,1/7/09 12:00,1/7/09 12:00,1.06,25:57.1
1864595,1/8/09 12:00,1/8/09 12:00,1.07,25:57.1
1864607,1/9/09 12:00,1/9/09 12:00,1.18,25:57.1
1864619,1/10/09 12:00,1/10/09 12:00,1.27,25:57.1
1864631,1/11/09 12:00,1/11/09 12:00,1.26,25:57.1
1864643,1/12/09 12:00,1/12/09 12:00,1.2,25:57.1
1864655,1/13/09 12:00,1/13/09 12:00,1.11,25:57.1
1864667,1/14/09 12:00,1/14/09 12:00,1.11,25:57.1
1864679,1/15/09 12:00,1/15/09 12:00,1.12,25:57.1
1864691,1/16/09 12:00,1/16/09 12:00,1.16,25:57.1
1864703,1/17/09 12:00,1/17/09 12:00,1.27,25:57.1
1864715,1/18/09 12:00,1/18/09 12:00,1.41,25:57.1
1864727,1/19/09 12:00,1/19/09 12:00,1.46,25:57.1
1864739,1/20/09 12:00,1/20/09 12:00,1.73,25:57.1
1864751,1/21/09 12:00,1/21/09 12:00,1.72,25:57.1
1864763,1/22/09 12:00,1/22/09 12:00,1.6,25:57.1
1864775,1/23/09 12:00,1/23/09 12:00,1.54,25:57.1
1864787,1/24/09 12:00,1/24/09 12:00,1.55,25:57.1
1864799,1/25/09 12:00,1/25/09 12:00,1.59,25:57.1
1864811,1/26/09 12:00,1/26/09 12:00,1.56,25:57.1
1864823,1/27/09 12:00,1/27/09 12:00,1.6,25:57.1
1864835,1/28/09 12:00,1/28/09 12:00,1.83,25:57.1
1864847,1/29/09 12:00,1/29/09 12:00,1.88,25:57.1
1864858,1/30/09 12:00,1/30/09 12:00,1.96,25:57.1
1864869,1/31/09 12:00,1/31/09 12:00,2,25:57.1
1864510,2/1/09 12:00,2/1/09 12:00,2,25:57.1
1864522,2/2/09 12:00,2/2/09 12:00,1.98,25:57.1
1864534,2/3/09 12:00,2/3/09 12:00,2.04,25:57.1
1864546,2/4/09 12:00,2/4/09 12:00,2.01,25:57.1
1864558,2/5/09 12:00,2/5/09 12:00,1.9,25:57.1
1864570,2/6/09 12:00,2/6/09 12:00,1.82,25:57.1
1864584,2/7/09 12:00,2/7/09 12:00,1.8,25:57.1
1864596,2/8/09 12:00,2/8/09 12:00,1.68,25:57.1
1864608,2/9/09 12:00,2/9/09 12:00,1.76,25:57.1
1864620,2/10/09 12:00,2/10/09 12:00,1.75,25:57.1
1864632,2/11/09 12:00,2/11/09 12:00,1.73,25:57.1
1864644,2/12/09 12:00,2/12/09 12:00,1.85,25:57.1
1864656,2/13/09 12:00,2/13/09 12:00,1.86,25:57.1
1864668,2/14/09 12:00,2/14/09 12:00,1.98,25:57.1
1864680,2/15/09 12:00,2/15/09 12:00,1.87,25:57.1
1864692,2/16/09 12:00,2/16/09 12:00,1.73,25:57.1
1864704,2/17/09 12:00,2/17/09 12:00,1.85,25:57.1
1864716,2/18/09 12:00,2/18/09 12:00,1.86,25:57.1
1864728,2/19/09 12:00,2/19/09 12:00,1.88,25:57.1
1864740,2/20/09 12:00,2/20/09 12:00,1.9,25:57.1
1864752,2/21/09 12:00,2/21/09 12:00,1.92,25:57.1
1864764,2/22/09 12:00,2/22/09 12:00,2.01,25:57.1
1864776,2/23/09 12:00,2/23/09 12:00,2.27,25:57.1
1864788,2/24/09 12:00,2/24/09 12:00,2.4,25:57.1
1864800,2/25/09 12:00,2/25/09 12:00,2.42,25:57.1
1864812,2/26/09 12:00,2/26/09 12:00,2.35,25:57.1
1864824,2/27/09 12:00,2/27/09 12:00,2.28,25:57.1
1864836,2/28/09 12:00,2/28/09 12:00,2.23,25:57.1
1864511,3/1/09 12:00,3/1/09 12:00,2.26,25:57.1
1864523,3/2/09 12:00,3/2/09 12:00,2.27,25:57.1
1864535,3/3/09 12:00,3/3/09 12:00,2.23,25:57.1
1864547,3/4/09 12:00,3/4/09 12:00,2.23,25:57.1
1864559,3/5/09 12:00,3/5/09 12:00,2.43,25:57.1
1864571,3/6/09 12:00,3/6/09 12:00,2.84,25:57.1
1864585,3/7/09 12:00,3/7/09 12:00,2.9,25:57.1
1864597,3/8/09 12:00,3/8/09 12:00,2.86,25:57.1
1864609,3/9/09 12:00,3/9/09 12:00,2.61,25:57.1
1864621,3/10/09 12:00,3/10/09 12:00,2.56,25:57.1
1864633,3/11/09 12:00,3/11/09 12:00,2.56,25:57.1
1864645,3/12/09 12:00,3/12/09 12:00,2.54,25:57.1
1864657,3/13/09 12:00,3/13/09 12:00,2.56,25:57.1
1864669,3/14/09 12:00,3/14/09 12:00,2.55,25:57.1
1864681,3/15/09 12:00,3/15/09 12:00,2.57,25:57.1
1864693,3/16/09 12:00,3/16/09 12:00,2.53,25:57.1
1864705,3/17/09 12:00,3/17/09 12:00,2.61,25:57.1
1864717,3/18/09 12:00,3/18/09 12:00,2.56,25:57.1
1864729,3/19/09 12:00,3/19/09 12:00,2.45,25:57.1
1864741,3/20/09 12:00,3/20/09 12:00,2.4,25:57.1
1864753,3/21/09 12:00,3/21/09 12:00,2.35,25:57.1
1864765,3/22/09 12:00,3/22/09 12:00,2.31,25:57.1
1864777,3/23/09 12:00,3/23/09 12:00,2.27,25:57.1
1864789,3/24/09 12:00,3/24/09 12:00,2.22,25:57.1
1864801,3/25/09 12:00,3/25/09 12:00,2.2,25:57.1
1864813,3/26/09 12:00,3/26/09 12:00,2.19,25:57.1
1864825,3/27/09 12:00,3/27/09 12:00,2.16,25:57.1
1864837,3/28/09 12:00,3/28/09 12:00,2.13,25:57.1
1864848,3/29/09 12:00,3/29/09 12:00,2.1,25:57.1
1864859,3/30/09 12:00,3/30/09 12:00,2.03,25:57.1
1864870,3/31/09 12:00,3/31/09 12:00,1.93,25:57.1
1864512,4/1/09 12:00,4/1/09 12:00,1.97,25:57.1
1864524,4/2/09 12:00,4/2/09 12:00,2.03,25:57.1
1864536,4/3/09 12:00,4/3/09 12:00,2.05,25:57.1
1864548,4/4/09 12:00,4/4/09 12:00,2,25:57.1
1864560,4/5/09 12:00,4/5/09 12:00,1.95,25:57.1
1864572,4/6/09 12:00,4/6/09 12:00,2.05,25:57.1
1864586,4/7/09 12:00,4/7/09 12:00,2.05,25:57.1
1864598,4/8/09 12:00,4/8/09 12:00,2.04,25:57.1
1864610,4/9/09 12:00,4/9/09 12:00,2.12,25:57.1
1864622,4/10/09 12:00,4/10/09 12:00,2.19,25:57.1
1864634,4/11/09 12:00,4/11/09 12:00,2.15,25:57.1
1864646,4/12/09 12:00,4/12/09 12:00,2.16,25:57.1
1864658,4/13/09 12:00,4/13/09 12:00,2.11,25:57.1
1864670,4/14/09 12:00,4/14/09 12:00,2.1,25:57.1
1864682,4/15/09 12:00,4/15/09 12:00,2.06,25:57.1
1864694,4/16/09 12:00,4/16/09 12:00,2.21,25:57.1
1864706,4/17/09 12:00,4/17/09 12:00,2.18,25:57.1
1864718,4/18/09 12:00,4/18/09 12:00,2,25:57.1
1864730,4/19/09 12:00,4/19/09 12:00,2,25:57.1
1864742,4/20/09 12:00,4/20/09 12:00,1.98,25:57.1
1864754,4/21/09 12:00,4/21/09 12:00,2,25:57.1
1864766,4/22/09 12:00,4/22/09 12:00,2.01,25:57.1
1864778,4/23/09 12:00,4/23/09 12:00,1.91,25:57.1
1864790,4/24/09 12:00,4/24/09 12:00,1.82,25:57.1
1864802,4/25/09 12:00,4/25/09 12:00,1.8,25:57.1
1864814,4/26/09 12:00,4/26/09 12:00,1.83,25:57.1
1864826,4/27/09 12:00,4/27/09 12:00,1.79,25:57.1
1864838,4/28/09 12:00,4/28/09 12:00,1.75,25:57.1
1864849,4/29/09 12:00,4/29/09 12:00,1.68,25:57.1
1864860,4/30/09 12:00,4/30/09 12:00,1.61,25:57.1
1864513,5/1/09 12:00,5/1/09 12:00,1.64,25:57.1
1864525,5/2/09 12:00,5/2/09 12:00,1.76,25:57.1
1864537,5/3/09 12:00,5/3/09 12:00,1.74,25:57.1
1864549,5/4/09 12:00,5/4/09 12:00,1.66,25:57.1
1864561,5/5/09 12:00,5/5/09 12:00,1.63,25:57.1
1864573,5/6/09 12:00,5/6/09 12:00,1.58,25:57.1
1864587,5/7/09 12:00,5/7/09 12:00,1.61,25:57.1
1864599,5/8/09 12:00,5/8/09 12:00,1.63,25:57.1
1864611,5/9/09 12:00,5/9/09 12:00,1.63,25:57.1
1864623,5/10/09 12:00,5/10/09 12:00,1.59,25:57.1
1864635,5/11/09 12:00,5/11/09 12:00,1.52,25:57.1
1864647,5/12/09 12:00,5/12/09 12:00,1.52,25:57.1
1864659,5/13/09 12:00,5/13/09 12:00,1.4,25:57.1
1864671,5/14/09 12:00,5/14/09 12:00,1.52,25:57.1
1864683,5/15/09 12:00,5/15/09 12:00,1.52,25:57.1
1864695,5/16/09 12:00,5/16/09 12:00,1.5,25:57.1
1864707,5/17/09 12:00,5/17/09 12:00,1.38,25:57.1
1864719,5/18/09 12:00,5/18/09 12:00,1.15,25:57.1
1864731,5/19/09 12:00,5/19/09 12:00,1,25:57.1
1864743,5/20/09 12:00,5/20/09 12:00,1,25:57.1
1864755,5/21/09 12:00,5/21/09 12:00,1.01,25:57.1
1864767,5/22/09 12:00,5/22/09 12:00,1.03,25:57.1
1864779,5/23/09 12:00,5/23/09 12:00,1.12,25:57.1
1864791,5/24/09 12:00,5/24/09 12:00,1.21,25:57.1
1864803,5/25/09 12:00,5/25/09 12:00,1.22,25:57.1
1864815,5/26/09 12:00,5/26/09 12:00,1.2,25:57.1
1864827,5/27/09 12:00,5/27/09 12:00,1.07,25:57.1
1864839,5/28/09 12:00,5/28/09 12:00,1.08,25:57.1
1864850,5/29/09 12:00,5/29/09 12:00,1.15,25:57.1
1864861,5/30/09 12:00,5/30/09 12:00,1.24,25:57.1
1864871,5/31/09 12:00,5/31/09 12:00,1.32,25:57.1
1864514,6/1/09 12:00,6/1/09 12:00,1.33,25:57.1
1864526,6/2/09 12:00,6/2/09 12:00,1.33,25:57.1
1864538,6/3/09 12:00,6/3/09 12:00,1.37,25:57.1
1864550,6/4/09 12:00,6/4/09 12:00,1.57,25:57.1
1864562,6/5/09 12:00,6/5/09 12:00,1.65,25:57.1
1864574,6/6/09 12:00,6/6/09 12:00,1.65,25:57.1
1864588,6/7/09 12:00,6/7/09 12:00,1.76,25:57.1
1864600,6/8/09 12:00,6/8/09 12:00,1.93,25:57.1
1864612,6/9/09 12:00,6/9/09 12:00,1.96,25:57.1
1864624,6/10/09 12:00,6/10/09 12:00,1.92,25:57.1
1864636,6/11/09 12:00,6/11/09 12:00,1.93,25:57.1
1864648,6/12/09 12:00,6/12/09 12:00,1.91,25:57.1
1864660,6/13/09 12:00,6/13/09 12:00,1.98,25:57.1
1864672,6/14/09 12:00,6/14/09 12:00,1.95,25:57.1
1864684,6/15/09 12:00,6/15/09 12:00,1.94,25:57.1
1864696,6/16/09 12:00,6/16/09 12:00,1.88,25:57.1
1864708,6/17/09 12:00,6/17/09 12:00,1.83,25:57.1
1864720,6/18/09 12:00,6/18/09 12:00,1.85,25:57.1
1864732,6/19/09 12:00,6/19/09 12:00,1.85,25:57.1
1864744,6/20/09 12:00,6/20/09 12:00,1.78,25:57.1
1864756,6/21/09 12:00,6/21/09 12:00,1.77,25:57.1
1864768,6/22/09 12:00,6/22/09 12:00,1.71,25:57.1
1864780,6/23/09 12:00,6/23/09 12:00,1.78,25:57.1
1864792,6/24/09 12:00,6/24/09 12:00,1.8,25:57.1
1864804,6/25/09 12:00,6/25/09 12:00,1.74,25:57.1
1864816,6/26/09 12:00,6/26/09 12:00,1.88,25:57.1
1864828,6/27/09 12:00,6/27/09 12:00,1.82,25:57.1
1864840,6/28/09 12:00,6/28/09 12:00,1.86,25:57.1
1864851,6/29/09 12:00,6/29/09 12:00,1.86,25:57.1
1864862,6/30/09 12:00,6/30/09 12:00,1.76,25:57.1
1864515,7/1/09 12:00,7/1/09 12:00,1.66,25:57.1
1864527,7/2/09 12:00,7/2/09 12:00,1.62,25:57.1
1864539,7/3/09 12:00,7/3/09 12:00,1.7,25:57.1
1864551,7/4/09 12:00,7/4/09 12:00,1.76,25:57.1
1864563,7/5/09 12:00,7/5/09 12:00,1.8,25:57.1
1864575,7/6/09 12:00,7/6/09 12:00,1.86,25:57.1
1864589,7/7/09 12:00,7/7/09 12:00,1.83,25:57.1
1864601,7/8/09 12:00,7/8/09 12:00,1.84,25:57.1
1864613,7/9/09 12:00,7/9/09 12:00,1.83,25:57.1
1864625,7/10/09 12:00,7/10/09 12:00,1.96,25:57.1
1864637,7/11/09 12:00,7/11/09 12:00,1.96,25:57.1
1864649,7/12/09 12:00,7/12/09 12:00,1.92,25:57.1
1864661,7/13/09 12:00,7/13/09 12:00,2.02,25:57.1
1864673,7/14/09 12:00,7/14/09 12:00,2.02,25:57.1
1864685,7/15/09 12:00,7/15/09 12:00,2.03,25:57.1
1864697,7/16/09 12:00,7/16/09 12:00,2.18,25:57.1
1864709,7/17/09 12:00,7/17/09 12:00,2.2,25:57.1
1864721,7/18/09 12:00,7/18/09 12:00,2.25,25:57.1
1864733,7/19/09 12:00,7/19/09 12:00,2.31,25:57.1
1864745,7/20/09 12:00,7/20/09 12:00,2.37,25:57.1
1864757,7/21/09 12:00,7/21/09 12:00,2.45,25:57.1
1864769,7/22/09 12:00,7/22/09 12:00,2.53,25:57.1
1864781,7/23/09 12:00,7/23/09 12:00,2.57,25:57.1
1864793,7/24/09 12:00,7/24/09 12:00,2.57,25:57.1
1864805,7/25/09 12:00,7/25/09 12:00,2.6,25:57.1
1864817,7/26/09 12:00,7/26/09 12:00,2.68,25:57.1
1864829,7/27/09 12:00,7/27/09 12:00,2.72,25:57.1
1864841,7/28/09 12:00,7/28/09 12:00,2.75,25:57.1
1864852,7/29/09 12:00,7/29/09 12:00,2.77,25:57.1
1864863,7/30/09 12:00,7/30/09 12:00,2.82,25:57.1
1864872,7/31/09 12:00,7/31/09 12:00,2.84,25:57.1
1864516,8/1/09 12:00,8/1/09 12:00,2.88,25:57.1
1864528,8/2/09 12:00,8/2/09 12:00,2.86,25:57.1
1864540,8/3/09 12:00,8/3/09 12:00,2.83,25:57.1
1864552,8/4/09 12:00,8/4/09 12:00,2.78,25:57.1
1864564,8/5/09 12:00,8/5/09 12:00,2.76,25:57.1
1864576,8/6/09 12:00,8/6/09 12:00,2.7,25:57.1
1864590,8/7/09 12:00,8/7/09 12:00,2.7,25:57.1
1864602,8/8/09 12:00,8/8/09 12:00,2.66,25:57.1
1864614,8/9/09 12:00,8/9/09 12:00,2.69,25:57.1
1864626,8/10/09 12:00,8/10/09 12:00,2.69,25:57.1
1864638,8/11/09 12:00,8/11/09 12:00,2.72,25:57.1
1864650,8/12/09 12:00,8/12/09 12:00,2.72,25:57.1
1864662,8/13/09 12:00,8/13/09 12:00,2.75,25:57.1
1864674,8/14/09 12:00,8/14/09 12:00,2.8,25:57.1
1864686,8/15/09 12:00,8/15/09 12:00,2.8,25:57.1
1864698,8/16/09 12:00,8/16/09 12:00,2.88,25:57.1
1864710,8/17/09 12:00,8/17/09 12:00,2.86,25:57.1
1864722,8/18/09 12:00,8/18/09 12:00,2.88,25:57.1
1864734,8/19/09 12:00,8/19/09 12:00,2.96,25:57.1
1864746,8/20/09 12:00,8/20/09 12:00,2.96,25:57.1
1864758,8/21/09 12:00,8/21/09 12:00,3,25:57.1
1864770,8/22/09 12:00,8/22/09 12:00,3.02,25:57.1
1864782,8/23/09 12:00,8/23/09 12:00,3.02,25:57.1
1864794,8/24/09 12:00,8/24/09 12:00,2.96,25:57.1
1864806,8/25/09 12:00,8/25/09 12:00,2.92,25:57.1
1864818,8/26/09 12:00,8/26/09 12:00,3.02,25:57.1
1864830,8/27/09 12:00,8/27/09 12:00,2.91,25:57.1
1864842,8/28/09 12:00,8/28/09 12:00,2.88,25:57.1
1864853,8/29/09 12:00,8/29/09 12:00,2.86,25:57.1
1864864,8/30/09 12:00,8/30/09 12:00,2.87,25:57.1
1864873,8/31/09 12:00,8/31/09 12:00,2.86,25:57.1
1864517,9/1/09 12:00,9/1/09 12:00,2.82,25:57.1
1864529,9/2/09 12:00,9/2/09 12:00,2.85,25:57.1
1864541,9/3/09 12:00,9/3/09 12:00,2.9,25:57.1
1864553,9/4/09 12:00,9/4/09 12:00,2.92,25:57.1
1864565,9/5/09 12:00,9/5/09 12:00,2.94,25:57.1
1864577,9/6/09 12:00,9/6/09 12:00,2.89,25:57.1
1864591,9/7/09 12:00,9/7/09 12:00,2.82,25:57.1
1864603,9/8/09 12:00,9/8/09 12:00,2.76,25:57.1
1864615,9/9/09 12:00,9/9/09 12:00,2.65,25:57.1
1864627,9/10/09 12:00,9/10/09 12:00,2.7,25:57.1
1864639,9/11/09 12:00,9/11/09 12:00,2.7,25:57.1
1864651,9/12/09 12:00,9/12/09 12:00,2.66,25:57.1
1864663,9/13/09 12:00,9/13/09 12:00,2.62,25:57.1
1864675,9/14/09 12:00,9/14/09 12:00,2.6,25:57.1
1864687,9/15/09 12:00,9/15/09 12:00,2.57,25:57.1
1864699,9/16/09 12:00,9/16/09 12:00,2.57,25:57.1
1864711,9/17/09 12:00,9/17/09 12:00,2.56,25:57.1
1864723,9/18/09 12:00,9/18/09 12:00,2.6,25:57.1
1864735,9/19/09 12:00,9/19/09 12:00,2.72,25:57.1
1864747,9/20/09 12:00,9/20/09 12:00,2.82,25:57.1
1864759,9/21/09 12:00,9/21/09 12:00,2.88,25:57.1
1864771,9/22/09 12:00,9/22/09 12:00,2.92,25:57.1
1864783,9/23/09 12:00,9/23/09 12:00,2.94,25:57.1
1864795,9/24/09 12:00,9/24/09 12:00,2.94,25:57.1
1864807,9/25/09 12:00,9/25/09 12:00,3.08,25:57.1
1864819,9/26/09 12:00,9/26/09 12:00,3.1,25:57.1
1864831,9/27/09 12:00,9/27/09 12:00,3.1,25:57.1
1864843,9/28/09 12:00,9/28/09 12:00,3.08,25:57.1
1864854,9/29/09 12:00,9/29/09 12:00,3.11,25:57.1
1864865,9/30/09 12:00,9/30/09 12:00,3.2,25:57.1
1864518,10/1/09 12:00,10/1/09 12:00,3.22,25:57.1
1864530,10/2/09 12:00,10/2/09 12:00,3.28,25:57.1
1864542,10/3/09 12:00,10/3/09 12:00,3.22,25:57.1
1864554,10/4/09 12:00,10/4/09 12:00,3.23,25:57.1
1864566,10/5/09 12:00,10/5/09 12:00,3.22,25:57.1
1864578,10/6/09 12:00,10/6/09 12:00,3.22,25:57.1
1864592,10/7/09 12:00,10/7/09 12:00,3.2,25:57.1
1864604,10/8/09 12:00,10/8/09 12:00,3.22,25:57.1
1864616,10/9/09 12:00,10/9/09 12:00,3.22,25:57.1
1864628,10/10/09 12:00,10/10/09 12:00,3.34,25:57.1
1864640,10/11/09 12:00,10/11/09 12:00,3.35,25:57.1
1864652,10/12/09 12:00,10/12/09 12:00,3.37,25:57.1
1864664,10/13/09 12:00,10/13/09 12:00,3.37,25:57.1
1864676,10/14/09 12:00,10/14/09 12:00,3.4,25:57.1
1864688,10/15/09 12:00,10/15/09 12:00,3.4,25:57.1
1864700,10/16/09 12:00,10/16/09 12:00,3.45,25:57.1
1864712,10/17/09 12:00,10/17/09 12:00,3.46,25:57.1
1864724,10/18/09 12:00,10/18/09 12:00,3.43,25:57.1
1864736,10/19/09 12:00,10/19/09 12:00,3.41,25:57.1
1864748,10/20/09 12:00,10/20/09 12:00,3.38,25:57.1
1864760,10/21/09 12:00,10/21/09 12:00,3.35,25:57.1
1864772,10/22/09 12:00,10/22/09 12:00,3.33,25:57.1
1864784,10/23/09 12:00,10/23/09 12:00,3.34,25:57.1
1864796,10/24/09 12:00,10/24/09 12:00,3.34,25:57.1
1864808,10/25/09 12:00,10/25/09 12:00,3.28,25:57.1
1864820,10/26/09 12:00,10/26/09 12:00,3.38,25:57.1
1864832,10/27/09 12:00,10/27/09 12:00,3.38,25:57.1
1864844,10/28/09 12:00,10/28/09 12:00,3.42,25:57.1
1864855,10/29/09 12:00,10/29/09 12:00,3.41,25:57.1
1864866,10/30/09 12:00,10/30/09 12:00,3.42,25:57.1
1864874,10/31/09 12:00,10/31/09 12:00,3.44,25:57.1
1864519,11/1/09 12:00,11/1/09 12:00,3.5,25:57.1
1864531,11/2/09 12:00,11/2/09 12:00,3.59,25:57.1
1864543,11/3/09 12:00,11/3/09 12:00,3.62,25:57.1
1864555,11/4/09 12:00,11/4/09 12:00,3.57,25:57.1
1864567,11/5/09 12:00,11/5/09 12:00,3.59,25:57.1
1864581,11/6/09 12:00,11/6/09 12:00,3.65,25:57.1
1864593,11/7/09 12:00,11/7/09 12:00,3.68,25:57.1
1864605,11/8/09 12:00,11/8/09 12:00,3.69,25:57.1
1864617,11/9/09 12:00,11/9/09 12:00,3.78,25:57.1
1864629,11/10/09 12:00,11/10/09 12:00,3.8,25:57.1
1864641,11/11/09 12:00,11/11/09 12:00,3.79,25:57.1
1864653,11/12/09 12:00,11/12/09 12:00,3.82,25:57.1
1864665,11/13/09 12:00,11/13/09 12:00,3.86,25:57.1
1864677,11/14/09 12:00,11/14/09 12:00,3.86,25:57.1
1864689,11/15/09 12:00,11/15/09 12:00,3.91,25:57.1
1864701,11/16/09 12:00,11/16/09 12:00,4.01,25:57.1
1864713,11/17/09 12:00,11/17/09 12:00,3.98,25:57.1
1864725,11/18/09 12:00,11/18/09 12:00,4.04,25:57.1
1864737,11/19/09 12:00,11/19/09 12:00,4.03,25:57.1
1864749,11/20/09 12:00,11/20/09 12:00,4.13,25:57.1
1864761,11/21/09 12:00,11/21/09 12:00,4.2,25:57.1
1864773,11/22/09 12:00,11/22/09 12:00,4.25,25:57.1
1864785,11/23/09 12:00,11/23/09 12:00,4.23,25:57.1
1864797,11/24/09 12:00,11/24/09 12:00,4.26,25:57.1
1864809,11/25/09 12:00,11/25/09 12:00,4.27,25:57.1
1864821,11/26/09 12:00,11/26/09 12:00,4.35,25:57.1
1864833,11/27/09 12:00,11/27/09 12:00,4.34,25:57.1
1864845,11/28/09 12:00,11/28/09 12:00,4.37,25:57.1
1864856,11/29/09 12:00,11/29/09 12:00,4.42,25:57.1
1864867,11/30/09 12:00,11/30/09 12:00,4.45,25:57.1
1864520,12/1/09 12:00,12/1/09 12:00,4.44,25:57.1
1864532,12/2/09 12:00,12/2/09 12:00,4.47,25:57.1
1864544,12/3/09 12:00,12/3/09 12:00,4.5,25:57.1
1864556,12/4/09 12:00,12/4/09 12:00,4.5,25:57.1
1864568,12/5/09 12:00,12/5/09 12:00,4.53,25:57.1
1864582,12/6/09 12:00,12/6/09 12:00,4.53,25:57.1
1864594,12/7/09 12:00,12/7/09 12:00,4.56,25:57.1
1864606,12/8/09 12:00,12/8/09 12:00,4.56,25:57.1
1864618,12/9/09 12:00,12/9/09 12:00,4.57,25:57.1
1864630,12/10/09 12:00,12/10/09 12:00,4.57,25:57.1
1864642,12/11/09 12:00,12/11/09 12:00,4.59,25:57.1
1864654,12/12/09 12:00,12/12/09 12:00,4.61,25:57.1
1864666,12/13/09 12:00,12/13/09 12:00,4.61,25:57.1
1864678,12/14/09 12:00,12/14/09 12:00,4.62,25:57.1
1864690,12/15/09 12:00,12/15/09 12:00,4.66,25:57.1
1864702,12/16/09 12:00,12/16/09 12:00,4.64,25:57.1
1864714,12/17/09 12:00,12/17/09 12:00,4.64,25:57.1
1864726,12/18/09 12:00,12/18/09 12:00,4.66,25:57.1
1864738,12/19/09 12:00,12/19/09 12:00,4.68,25:57.1
1864750,12/20/09 12:00,12/20/09 12:00,4.68,25:57.1
1864762,12/21/09 12:00,12/21/09 12:00,4.72,25:57.1
1864774,12/22/09 12:00,12/22/09 12:00,4.74,25:57.1
1864786,12/23/09 12:00,12/23/09 12:00,4.73,25:57.1
1864798,12/24/09 12:00,12/24/09 12:00,4.74,25:57.1
1864810,12/25/09 12:00,12/25/09 12:00,4.8,25:57.1
1864822,12/26/09 12:00,12/26/09 12:00,4.84,25:57.1
1864834,12/27/09 12:00,12/27/09 12:00,4.86,25:57.1
1864846,12/28/09 12:00,12/28/09 12:00,4.89,25:57.1
1864857,12/29/09 12:00,12/29/09 12:00,4.89,25:57.1
1864868,12/30/09 12:00,12/30/09 12:00,4.92,25:57.1
1864875,12/31/09 12:00,12/31/09 12:00,4.94,25:57.1
938399,1/1/10 12:00,1/1/10 12:00,4.93,25:57.1
938411,1/2/10 12:00,1/2/10 12:00,4.95,25:57.1
938423,1/3/10 12:00,1/3/10 12:00,4.97,25:57.1
938435,1/4/10 12:00,1/4/10 12:00,4.97,25:57.1
938447,1/5/10 12:00,1/5/10 12:00,5,25:57.1
938459,1/6/10 12:00,1/6/10 12:00,5,25:57.1
938471,1/7/10 12:00,1/7/10 12:00,5.02,25:57.1
938483,1/8/10 12:00,1/8/10 12:00,5.03,25:57.1
938495,1/9/10 12:00,1/9/10 12:00,5.06,25:57.1
938506,1/10/10 12:00,1/10/10 12:00,5.06,25:57.1
938518,1/11/10 12:00,1/11/10 12:00,5.04,25:57.1
938530,1/12/10 12:00,1/12/10 12:00,5.06,25:57.1
938550,1/13/10 12:00,1/13/10 12:00,5.04,25:57.1
938562,1/14/10 12:00,1/14/10 12:00,5.02,25:57.1
938574,1/15/10 12:00,1/15/10 12:00,5.02,25:57.1
938586,1/16/10 12:00,1/16/10 12:00,5.05,25:57.1
938598,1/17/10 12:00,1/17/10 12:00,5.06,25:57.1
938610,1/18/10 12:00,1/18/10 12:00,5.06,25:57.1
938622,1/19/10 12:00,1/19/10 12:00,5.06,25:57.1
938634,1/20/10 12:00,1/20/10 12:00,5.07,25:57.1
938646,1/21/10 12:00,1/21/10 12:00,5.08,25:57.1
938658,1/22/10 12:00,1/22/10 12:00,5.09,25:57.1
938670,1/23/10 12:00,1/23/10 12:00,5.1,25:57.1
938682,1/24/10 12:00,1/24/10 12:00,5.12,25:57.1
938694,1/25/10 12:00,1/25/10 12:00,5.11,25:57.1
938708,1/26/10 12:00,1/26/10 12:00,5.11,25:57.1
938720,1/27/10 12:00,1/27/10 12:00,5.12,25:57.1
938732,1/28/10 12:00,1/28/10 12:00,5.12,25:57.1
938744,1/29/10 12:00,1/29/10 12:00,5.13,25:57.1
938755,1/30/10 12:00,1/30/10 12:00,5.14,25:57.1
938766,1/31/10 12:00,1/31/10 12:00,5.13,25:57.1
938400,2/1/10 12:00,2/1/10 12:00,5.14,25:57.1
938412,2/2/10 12:00,2/2/10 12:00,5.16,25:57.1
938424,2/3/10 12:00,2/3/10 12:00,5.17,25:57.1
938436,2/4/10 12:00,2/4/10 12:00,5.2,25:57.1
938448,2/5/10 12:00,2/5/10 12:00,5.23,25:57.1
938460,2/6/10 12:00,2/6/10 12:00,5.25,25:57.1
938472,2/7/10 12:00,2/7/10 12:00,5.3,25:57.1
938484,2/8/10 12:00,2/8/10 12:00,5.33,25:57.1
938496,2/9/10 12:00,2/9/10 12:00,5.37,25:57.1
938507,2/10/10 12:00,2/10/10 12:00,5.39,25:57.1
938519,2/11/10 12:00,2/11/10 12:00,5.42,25:57.1
938531,2/12/10 12:00,2/12/10 12:00,5.42,25:57.1
938551,2/13/10 12:00,2/13/10 12:00,5.42,25:57.1
938563,2/14/10 12:00,2/14/10 12:00,5.44,25:57.1
938575,2/15/10 12:00,2/15/10 12:00,5.44,25:57.1
938587,2/16/10 12:00,2/16/10 12:00,5.46,25:57.1
938599,2/17/10 12:00,2/17/10 12:00,5.5,25:57.1
938611,2/18/10 12:00,2/18/10 12:00,5.51,25:57.1
938623,2/19/10 12:00,2/19/10 12:00,5.54,25:57.1
938635,2/20/10 12:00,2/20/10 12:00,5.5,25:57.1
938647,2/21/10 12:00,2/21/10 12:00,5.54,25:57.1
938659,2/22/10 12:00,2/22/10 12:00,5.56,25:57.1
938671,2/23/10 12:00,2/23/10 12:00,5.58,25:57.1
938683,2/24/10 12:00,2/24/10 12:00,5.53,25:57.1
938695,2/25/10 12:00,2/25/10 12:00,5.55,25:57.1
938709,2/26/10 12:00,2/26/10 12:00,5.54,25:57.1
938721,2/27/10 12:00,2/27/10 12:00,5.56,25:57.1
938733,2/28/10 12:00,2/28/10 12:00,5.53,25:57.1
938401,3/1/10 12:00,3/1/10 12:00,5.51,25:57.1
938413,3/2/10 12:00,3/2/10 12:00,5.5,25:57.1
938425,3/3/10 12:00,3/3/10 12:00,5.47,25:57.1
938437,3/4/10 12:00,3/4/10 12:00,5.46,25:57.1
938449,3/5/10 12:00,3/5/10 12:00,5.42,25:57.1
938461,3/6/10 12:00,3/6/10 12:00,5.38,25:57.1
938473,3/7/10 12:00,3/7/10 12:00,5.36,25:57.1
938485,3/8/10 12:00,3/8/10 12:00,5.33,25:57.1
938497,3/9/10 12:00,3/9/10 12:00,5.32,25:57.1
938508,3/10/10 12:00,3/10/10 12:00,5.3,25:57.1
938520,3/11/10 12:00,3/11/10 12:00,5.25,25:57.1
938532,3/12/10 12:00,3/12/10 12:00,5.22,25:57.1
938552,3/13/10 12:00,3/13/10 12:00,5.2,25:57.1
938564,3/14/10 12:00,3/14/10 12:00,5.18,25:57.1
938576,3/15/10 12:00,3/15/10 12:00,5.15,25:57.1
938588,3/16/10 12:00,3/16/10 12:00,5.12,25:57.1
938600,3/17/10 12:00,3/17/10 12:00,5.1,25:57.1
938612,3/18/10 12:00,3/18/10 12:00,5.1,25:57.1
938624,3/19/10 12:00,3/19/10 12:00,5.06,25:57.1
938636,3/20/10 12:00,3/20/10 12:00,5.05,25:57.1
938648,3/21/10 12:00,3/21/10 12:00,5.03,25:57.1
938660,3/22/10 12:00,3/22/10 12:00,5.02,25:57.1
938672,3/23/10 12:00,3/23/10 12:00,4.98,25:57.1
938684,3/24/10 12:00,3/24/10 12:00,4.96,25:57.1
938696,3/25/10 12:00,3/25/10 12:00,4.93,25:57.1
938710,3/26/10 12:00,3/26/10 12:00,4.92,25:57.1
938722,3/27/10 12:00,3/27/10 12:00,4.9,25:57.1
938734,3/28/10 12:00,3/28/10 12:00,4.87,25:57.1
938745,3/29/10 12:00,3/29/10 12:00,4.8,25:57.1
938756,3/30/10 12:00,3/30/10 12:00,4.78,25:57.1
938767,3/31/10 12:00,3/31/10 12:00,4.76,25:57.1
938402,4/1/10 12:00,4/1/10 12:00,4.73,25:57.1
938414,4/2/10 12:00,4/2/10 12:00,4.71,25:57.1
938426,4/3/10 12:00,4/3/10 12:00,4.68,25:57.1
938438,4/4/10 12:00,4/4/10 12:00,4.63,25:57.1
938450,4/5/10 12:00,4/5/10 12:00,4.6,25:57.1
938462,4/6/10 12:00,4/6/10 12:00,4.6,25:57.1
938474,4/7/10 12:00,4/7/10 12:00,4.6,25:57.1
938486,4/8/10 12:00,4/8/10 12:00,4.6,25:57.1
938498,4/9/10 12:00,4/9/10 12:00,4.58,25:57.1
938509,4/10/10 12:00,4/10/10 12:00,4.56,25:57.1
938521,4/11/10 12:00,4/11/10 12:00,4.54,25:57.1
938533,4/12/10 12:00,4/12/10 12:00,4.53,25:57.1
938553,4/13/10 12:00,4/13/10 12:00,4.5,25:57.1
938565,4/14/10 12:00,4/14/10 12:00,4.5,25:57.1
938577,4/15/10 12:00,4/15/10 12:00,4.46,25:57.1
938589,4/16/10 12:00,4/16/10 12:00,4.47,25:57.1
938601,4/17/10 12:00,4/17/10 12:00,4.44,25:57.1
938613,4/18/10 12:00,4/18/10 12:00,4.45,25:57.1
938625,4/19/10 12:00,4/19/10 12:00,4.48,25:57.1
938637,4/20/10 12:00,4/20/10 12:00,4.46,25:57.1
938649,4/21/10 12:00,4/21/10 12:00,4.44,25:57.1
938661,4/22/10 12:00,4/22/10 12:00,4.42,25:57.1
938673,4/23/10 12:00,4/23/10 12:00,4.44,25:57.1
938685,4/24/10 12:00,4/24/10 12:00,4.43,25:57.1
938697,4/25/10 12:00,4/25/10 12:00,4.43,25:57.1
938711,4/26/10 12:00,4/26/10 12:00,4.43,25:57.1
938723,4/27/10 12:00,4/27/10 12:00,4.41,25:57.1
938735,4/28/10 12:00,4/28/10 12:00,4.42,25:57.1
938746,4/29/10 12:00,4/29/10 12:00,4.42,25:57.1
938757,4/30/10 12:00,4/30/10 12:00,4.41,25:57.1
938403,5/1/10 12:00,5/1/10 12:00,4.4,25:57.1
938415,5/2/10 12:00,5/2/10 12:00,4.4,25:57.1
938427,5/3/10 12:00,5/3/10 12:00,4.38,25:57.1
938439,5/4/10 12:00,5/4/10 12:00,4.38,25:57.1
938451,5/5/10 12:00,5/5/10 12:00,4.35,25:57.1
938463,5/6/10 12:00,5/6/10 12:00,4.35,25:57.1
938475,5/7/10 12:00,5/7/10 12:00,4.37,25:57.1
938487,5/8/10 12:00,5/8/10 12:00,4.33,25:57.1
938499,5/9/10 12:00,5/9/10 12:00,4.33,25:57.1
938510,5/10/10 12:00,5/10/10 12:00,4.32,25:57.1
938522,5/11/10 12:00,5/11/10 12:00,4.32,25:57.1
938534,5/12/10 12:00,5/12/10 12:00,4.32,25:57.1
938554,5/13/10 12:00,5/13/10 12:00,4.33,25:57.1
938566,5/14/10 12:00,5/14/10 12:00,4.33,25:57.1
938578,5/15/10 12:00,5/15/10 12:00,4.32,25:57.1
938590,5/16/10 12:00,5/16/10 12:00,4.34,25:57.1
938602,5/17/10 12:00,5/17/10 12:00,4.29,25:57.1
938614,5/18/10 12:00,5/18/10 12:00,4.32,25:57.1
938626,5/19/10 12:00,5/19/10 12:00,4.32,25:57.1
938638,5/20/10 12:00,5/20/10 12:00,4.34,25:57.1
938650,5/21/10 12:00,5/21/10 12:00,4.34,25:57.1
938662,5/22/10 12:00,5/22/10 12:00,4.36,25:57.1
938674,5/23/10 12:00,5/23/10 12:00,4.37,25:57.1
938686,5/24/10 12:00,5/24/10 12:00,4.37,25:57.1
938698,5/25/10 12:00,5/25/10 12:00,4.37,25:57.1
938712,5/26/10 12:00,5/26/10 12:00,4.34,25:57.1
938724,5/27/10 12:00,5/27/10 12:00,4.34,25:57.1
938736,5/28/10 12:00,5/28/10 12:00,4.35,25:57.1
938747,5/29/10 12:00,5/29/10 12:00,4.35,25:57.1
938758,5/30/10 12:00,5/30/10 12:00,4.34,25:57.1
938768,5/31/10 12:00,5/31/10 12:00,4.34,25:57.1
938404,6/1/10 12:00,6/1/10 12:00,4.34,25:57.1
938416,6/2/10 12:00,6/2/10 12:00,4.36,25:57.1
938428,6/3/10 12:00,6/3/10 12:00,4.36,25:57.1
938440,6/4/10 12:00,6/4/10 12:00,4.36,25:57.1
938452,6/5/10 12:00,6/5/10 12:00,4.34,25:57.1
938464,6/6/10 12:00,6/6/10 12:00,4.32,25:57.1
938476,6/7/10 12:00,6/7/10 12:00,4.29,25:57.1
938488,6/8/10 12:00,6/8/10 12:00,4.28,25:57.1
938169,6/9/10 12:00,6/9/10 12:00,4.26,25:57.1
938511,6/10/10 12:00,6/10/10 12:00,4.26,25:57.1
938523,6/11/10 12:00,6/11/10 12:00,4.25,25:57.1
938535,6/12/10 12:00,6/12/10 12:00,4.22,25:57.1
938555,6/13/10 12:00,6/13/10 12:00,4.2,25:57.1
938567,6/14/10 12:00,6/14/10 12:00,4.16,25:57.1
938579,6/15/10 12:00,6/15/10 12:00,4.12,25:57.1
938591,6/16/10 12:00,6/16/10 12:00,4.1,25:57.1
938603,6/17/10 12:00,6/17/10 12:00,4.06,25:57.1
938615,6/18/10 12:00,6/18/10 12:00,4.06,25:57.1
938627,6/19/10 12:00,6/19/10 12:00,4.04,25:57.1
938639,6/20/10 12:00,6/20/10 12:00,4.01,25:57.1
938651,6/21/10 12:00,6/21/10 12:00,4,25:57.1
938663,6/22/10 12:00,6/22/10 12:00,3.96,25:57.1
938675,6/23/10 12:00,6/23/10 12:00,3.92,25:57.1
938687,6/24/10 12:00,6/24/10 12:00,3.88,25:57.1
938699,6/25/10 12:00,6/25/10 12:00,3.84,25:57.1
938713,6/26/10 12:00,6/26/10 12:00,3.76,25:57.1
938725,6/27/10 12:00,6/27/10 12:00,3.72,25:57.1
938737,6/28/10 12:00,6/28/10 12:00,3.7,25:57.1
938748,6/29/10 12:00,6/29/10 12:00,3.65,25:57.1
938759,6/30/10 12:00,6/30/10 12:00,3.64,25:57.1
938405,7/1/10 12:00,7/1/10 12:00,3.6,25:57.1
938417,7/2/10 12:00,7/2/10 12:00,3.54,25:57.1
938429,7/3/10 12:00,7/3/10 12:00,3.52,25:57.1
938441,7/4/10 12:00,7/4/10 12:00,3.48,25:57.1
938453,7/5/10 12:00,7/5/10 12:00,3.45,25:57.1
938465,7/6/10 12:00,7/6/10 12:00,3.4,25:57.1
938477,7/7/10 12:00,7/7/10 12:00,3.36,25:57.1
938489,7/8/10 12:00,7/8/10 12:00,3.34,25:57.1
938500,7/9/10 12:00,7/9/10 12:00,3.28,25:57.1
938512,7/10/10 12:00,7/10/10 12:00,3.2,25:57.1
938524,7/11/10 12:00,7/11/10 12:00,3.16,25:57.1
938536,7/12/10 12:00,7/12/10 12:00,3.15,25:57.1
938556,7/13/10 12:00,7/13/10 12:00,3.02,25:57.1
938568,7/14/10 12:00,7/14/10 12:00,2.98,25:57.1
938580,7/15/10 12:00,7/15/10 12:00,3,25:57.1
938592,7/16/10 12:00,7/16/10 12:00,2.92,25:57.1
938604,7/17/10 12:00,7/17/10 12:00,2.87,25:57.1
938616,7/18/10 12:00,7/18/10 12:00,2.84,25:57.1
938628,7/19/10 12:00,7/19/10 12:00,2.79,25:57.1
938640,7/20/10 12:00,7/20/10 12:00,2.75,25:57.1
938652,7/21/10 12:00,7/21/10 12:00,2.76,25:57.1
938664,7/22/10 12:00,7/22/10 12:00,2.69,25:57.1
938676,7/23/10 12:00,7/23/10 12:00,2.64,25:57.1
938688,7/24/10 12:00,7/24/10 12:00,2.65,25:57.1
938700,7/25/10 12:00,7/25/10 12:00,2.65,25:57.1
938714,7/26/10 12:00,7/26/10 12:00,2.67,25:57.1
938726,7/27/10 12:00,7/27/10 12:00,2.68,25:57.1
938738,7/28/10 12:00,7/28/10 12:00,2.72,25:57.1
938749,7/29/10 12:00,7/29/10 12:00,2.78,25:57.1
938760,7/30/10 12:00,7/30/10 12:00,2.8,25:57.1
938769,7/31/10 12:00,7/31/10 12:00,2.88,25:57.1
938406,8/1/10 12:00,8/1/10 12:00,2.96,25:57.1
938418,8/2/10 12:00,8/2/10 12:00,2.98,25:57.1
938430,8/3/10 12:00,8/3/10 12:00,3.01,25:57.1
938442,8/4/10 12:00,8/4/10 12:00,3.04,25:57.1
938454,8/5/10 12:00,8/5/10 12:00,3.06,25:57.1
938466,8/6/10 12:00,8/6/10 12:00,3.08,25:57.1
938478,8/7/10 12:00,8/7/10 12:00,3.1,25:57.1
938490,8/8/10 12:00,8/8/10 12:00,3.1,25:57.1
938501,8/9/10 12:00,8/9/10 12:00,3.06,25:57.1
938513,8/10/10 12:00,8/10/10 12:00,3.04,25:57.1
938525,8/11/10 12:00,8/11/10 12:00,3.04,25:57.1
938537,8/12/10 12:00,8/12/10 12:00,3.02,25:57.1
938557,8/13/10 12:00,8/13/10 12:00,3.01,25:57.1
938569,8/14/10 12:00,8/14/10 12:00,2.92,25:57.1
938581,8/15/10 12:00,8/15/10 12:00,3.02,25:57.1
938593,8/16/10 12:00,8/16/10 12:00,3.03,25:57.1
938605,8/17/10 12:00,8/17/10 12:00,3.04,25:57.1
938617,8/18/10 12:00,8/18/10 12:00,3,25:57.1
938629,8/19/10 12:00,8/19/10 12:00,2.86,25:57.1
938641,8/20/10 12:00,8/20/10 12:00,2.78,25:57.1
938653,8/21/10 12:00,8/21/10 12:00,2.74,25:57.1
938665,8/22/10 12:00,8/22/10 12:00,2.71,25:57.1
938677,8/23/10 12:00,8/23/10 12:00,2.68,25:57.1
938689,8/24/10 12:00,8/24/10 12:00,2.64,25:57.1
938701,8/25/10 12:00,8/25/10 12:00,2.61,25:57.1
938715,8/26/10 12:00,8/26/10 12:00,2.55,25:57.1
938727,8/27/10 12:00,8/27/10 12:00,2.55,25:57.1
938739,8/28/10 12:00,8/28/10 12:00,2.55,25:57.1
938750,8/29/10 12:00,8/29/10 12:00,2.5,25:57.1
938761,8/30/10 12:00,8/30/10 12:00,2.44,25:57.1
938770,8/31/10 12:00,8/31/10 12:00,2.48,25:57.1
938407,9/1/10 12:00,9/1/10 12:00,2.5,25:57.1
938419,9/2/10 12:00,9/2/10 12:00,2.4,25:57.1
938431,9/3/10 12:00,9/3/10 12:00,2.52,25:57.1
938443,9/4/10 12:00,9/4/10 12:00,2.7,25:57.1
938455,9/5/10 12:00,9/5/10 12:00,2.52,25:57.1
938467,9/6/10 12:00,9/6/10 12:00,2.47,25:57.1
938479,9/7/10 12:00,9/7/10 12:00,2.45,25:57.1
938491,9/8/10 12:00,9/8/10 12:00,2.45,25:57.1
938502,9/9/10 12:00,9/9/10 12:00,2.41,25:57.1
938514,9/10/10 12:00,9/10/10 12:00,2.42,25:57.1
938526,9/11/10 12:00,9/11/10 12:00,2.38,25:57.1
938538,9/12/10 12:00,9/12/10 12:00,2.36,25:57.1
938558,9/13/10 12:00,9/13/10 12:00,2.36,25:57.1
938570,9/14/10 12:00,9/14/10 12:00,2.38,25:57.1
938582,9/15/10 12:00,9/15/10 12:00,2.37,25:57.1
938594,9/16/10 12:00,9/16/10 12:00,2.36,25:57.1
938606,9/17/10 12:00,9/17/10 12:00,2.27,25:57.1
938618,9/18/10 12:00,9/18/10 12:00,2.18,25:57.1
938630,9/19/10 12:00,9/19/10 12:00,2.18,25:57.1
938642,9/20/10 12:00,9/20/10 12:00,2.18,25:57.1
938654,9/21/10 12:00,9/21/10 12:00,2.11,25:57.1
938666,9/22/10 12:00,9/22/10 12:00,2.09,25:57.1
938678,9/23/10 12:00,9/23/10 12:00,2.11,25:57.1
938690,9/24/10 12:00,9/24/10 12:00,2.11,25:57.1
938702,9/25/10 12:00,9/25/10 12:00,2.18,25:57.1
938716,9/26/10 12:00,9/26/10 12:00,2.18,25:57.1
938728,9/27/10 12:00,9/27/10 12:00,2.04,25:57.1
938740,9/28/10 12:00,9/28/10 12:00,2.1,25:57.1
938751,9/29/10 12:00,9/29/10 12:00,2.08,25:57.1
938762,9/30/10 12:00,9/30/10 12:00,2,25:57.1
938408,10/1/10 12:00,10/1/10 12:00,1.92,25:57.1
938420,10/2/10 12:00,10/2/10 12:00,1.94,25:57.1
938432,10/3/10 12:00,10/3/10 12:00,2.04,25:57.1
938444,10/4/10 12:00,10/4/10 12:00,2.07,25:57.1
938456,10/5/10 12:00,10/5/10 12:00,2.02,25:57.1
938468,10/6/10 12:00,10/6/10 12:00,2,25:57.1
938480,10/7/10 12:00,10/7/10 12:00,1.96,25:57.1
938492,10/8/10 12:00,10/8/10 12:00,1.98,25:57.1
938503,10/9/10 12:00,10/9/10 12:00,1.96,25:57.1
938515,10/10/10 12:00,10/10/10 12:00,2.04,25:57.1
938527,10/11/10 12:00,10/11/10 12:00,2.07,25:57.1
938539,10/12/10 12:00,10/12/10 12:00,2.1,25:57.1
938559,10/13/10 12:00,10/13/10 12:00,2.1,25:57.1
938571,10/14/10 12:00,10/14/10 12:00,2.12,25:57.1
938583,10/15/10 12:00,10/15/10 12:00,2.22,25:57.1
938595,10/16/10 12:00,10/16/10 12:00,2.32,25:57.1
938607,10/17/10 12:00,10/17/10 12:00,2.42,25:57.1
938619,10/18/10 12:00,10/18/10 12:00,2.5,25:57.1
938631,10/19/10 12:00,10/19/10 12:00,2.56,25:57.1
938643,10/20/10 12:00,10/20/10 12:00,2.6,25:57.1
938655,10/21/10 12:00,10/21/10 12:00,2.6,25:57.1
938667,10/22/10 12:00,10/22/10 12:00,2.62,25:57.1
938679,10/23/10 12:00,10/23/10 12:00,2.54,25:57.1
938691,10/24/10 12:00,10/24/10 12:00,2.61,25:57.1
938703,10/25/10 12:00,10/25/10 12:00,2.63,25:57.1
938717,10/26/10 12:00,10/26/10 12:00,2.6,25:57.1
938729,10/27/10 12:00,10/27/10 12:00,2.55,25:57.1
938741,10/28/10 12:00,10/28/10 12:00,2.53,25:57.1
938752,10/29/10 12:00,10/29/10 12:00,2.54,25:57.1
938763,10/30/10 12:00,10/30/10 12:00,2.5,25:57.1
938771,10/31/10 12:00,10/31/10 12:00,2.42,25:57.1
938409,11/1/10 12:00,11/1/10 12:00,2.32,25:57.1
938421,11/2/10 12:00,11/2/10 12:00,2.25,25:57.1
938433,11/3/10 12:00,11/3/10 12:00,2.34,25:57.1
938445,11/4/10 12:00,11/4/10 12:00,2.35,25:57.1
938457,11/5/10 12:00,11/5/10 12:00,2.37,25:57.1
938469,11/6/10 12:00,11/6/10 12:00,2.32,25:57.1
938481,11/7/10 12:00,11/7/10 12:00,2.34,25:57.1
938493,11/8/10 12:00,11/8/10 12:00,2.34,25:57.1
938504,11/9/10 12:00,11/9/10 12:00,2.3,25:57.1
938516,11/10/10 12:00,11/10/10 12:00,2.33,25:57.1
938528,11/11/10 12:00,11/11/10 12:00,2.42,25:57.1
938540,11/12/10 12:00,11/12/10 12:00,2.46,25:57.1
938560,11/13/10 12:00,11/13/10 12:00,2.46,25:57.1
938572,11/14/10 12:00,11/14/10 12:00,2.42,25:57.1
938584,11/15/10 12:00,11/15/10 12:00,2.36,25:57.1
938596,11/16/10 12:00,11/16/10 12:00,2.34,25:57.1
938608,11/17/10 12:00,11/17/10 12:00,2.34,25:57.1
938620,11/18/10 12:00,11/18/10 12:00,2.31,25:57.1
938632,11/19/10 12:00,11/19/10 12:00,2.28,25:57.1
938644,11/20/10 12:00,11/20/10 12:00,2.25,25:57.1
938656,11/21/10 12:00,11/21/10 12:00,2.2,25:57.1
938668,11/22/10 12:00,11/22/10 12:00,2.17,25:57.1
938680,11/23/10 12:00,11/23/10 12:00,2.19,25:57.1
938692,11/24/10 12:00,11/24/10 12:00,2.12,25:57.1
938706,11/25/10 12:00,11/25/10 12:00,2.1,25:57.1
938718,11/26/10 12:00,11/26/10 12:00,2.06,25:57.1
938730,11/27/10 12:00,11/27/10 12:00,2.02,25:57.1
938742,11/28/10 12:00,11/28/10 12:00,2,25:57.1
938753,11/29/10 12:00,11/29/10 12:00,1.93,25:57.1
938764,11/30/10 12:00,11/30/10 12:00,2.02,25:57.1
938410,12/1/10 12:00,12/1/10 12:00,1.94,25:57.1
938422,12/2/10 12:00,12/2/10 12:00,1.82,25:57.1
938434,12/3/10 12:00,12/3/10 12:00,1.82,25:57.1
938446,12/4/10 12:00,12/4/10 12:00,1.78,25:57.1
938458,12/5/10 12:00,12/5/10 12:00,1.82,25:57.1
938470,12/6/10 12:00,12/6/10 12:00,1.85,25:57.1
938482,12/7/10 12:00,12/7/10 12:00,1.82,25:57.1
938494,12/8/10 12:00,12/8/10 12:00,1.84,25:57.1
938505,12/9/10 12:00,12/9/10 12:00,1.75,25:57.1
938517,12/10/10 12:00,12/10/10 12:00,1.82,25:57.1
938529,12/11/10 12:00,12/11/10 12:00,1.92,25:57.1
938541,12/12/10 12:00,12/12/10 12:00,1.98,25:57.1
938561,12/13/10 12:00,12/13/10 12:00,2,25:57.1
938573,12/14/10 12:00,12/14/10 12:00,2.26,25:57.1
938585,12/15/10 12:00,12/15/10 12:00,2.32,25:57.1
938597,12/16/10 12:00,12/16/10 12:00,2.35,25:57.1
938609,12/17/10 12:00,12/17/10 12:00,2.46,25:57.1
938621,12/18/10 12:00,12/18/10 12:00,2.54,25:57.1
938633,12/19/10 12:00,12/19/10 12:00,2.56,25:57.1
938645,12/20/10 12:00,12/20/10 12:00,2.74,25:57.1
938657,12/21/10 12:00,12/21/10 12:00,2.84,25:57.1
938669,12/22/10 12:00,12/22/10 12:00,2.86,25:57.1
938681,12/23/10 12:00,12/23/10 12:00,2.91,25:57.1
938693,12/24/10 12:00,12/24/10 12:00,2.98,25:57.1
938707,12/25/10 12:00,12/25/10 12:00,3.02,25:57.1
938719,12/26/10 12:00,12/26/10 12:00,3.08,25:57.1
938731,12/27/10 12:00,12/27/10 12:00,3.1,25:57.1
938743,12/28/10 12:00,12/28/10 12:00,3.16,25:57.1
938754,12/29/10 12:00,12/29/10 12:00,3.2,25:57.1
938765,12/30/10 12:00,12/30/10 12:00,3.22,25:57.1
938772,12/31/10 12:00,12/31/10 12:00,3.24,25:57.1
938773,1/1/11 12:00,1/1/11 12:00,3.26,25:57.1
938775,1/2/11 12:00,1/2/11 12:00,3.29,25:57.1
938777,1/3/11 12:00,1/3/11 12:00,3.25,25:57.1
938779,1/4/11 12:00,1/4/11 12:00,3.26,25:57.1
938781,1/5/11 12:00,1/5/11 12:00,3.26,25:57.1
938782,1/6/11 12:00,1/6/11 12:00,3.21,25:57.1
938783,1/7/11 12:00,1/7/11 12:00,3.14,25:57.1
938784,1/8/11 12:00,1/8/11 12:00,3.1,25:57.1
938785,1/9/11 12:00,1/9/11 12:00,3.02,25:57.1
938786,1/10/11 12:00,1/10/11 12:00,2.98,25:57.1
938787,1/11/11 12:00,1/11/11 12:00,2.92,25:57.1
938788,1/12/11 12:00,1/12/11 12:00,2.92,25:57.1
938789,1/13/11 12:00,1/13/11 12:00,2.88,25:57.1
938790,1/14/11 12:00,1/14/11 12:00,2.84,25:57.1
938791,1/15/11 12:00,1/15/11 12:00,2.8,25:57.1
938792,1/16/11 12:00,1/16/11 12:00,2.76,25:57.1
938793,1/17/11 12:00,1/17/11 12:00,2.81,25:57.1
938794,1/18/11 12:00,1/18/11 12:00,2.72,25:57.1
938795,1/19/11 12:00,1/19/11 12:00,2.7,25:57.1
938796,1/20/11 12:00,1/20/11 12:00,2.66,25:57.1
938797,1/21/11 12:00,1/21/11 12:00,2.64,25:57.1
938798,1/22/11 12:00,1/22/11 12:00,2.7,25:57.1
938799,1/23/11 12:00,1/23/11 12:00,2.68,25:57.1
938800,1/24/11 12:00,1/24/11 12:00,2.65,25:57.1
938801,1/25/11 12:00,1/25/11 12:00,2.66,25:57.1
938802,1/26/11 12:00,1/26/11 12:00,2.68,25:57.1
938803,1/27/11 12:00,1/27/11 12:00,2.68,25:57.1
938804,1/28/11 12:00,1/28/11 12:00,2.73,25:57.1
938805,1/29/11 12:00,1/29/11 12:00,2.78,25:57.1
938806,1/30/11 12:00,1/30/11 12:00,2.79,25:57.1
938807,1/31/11 12:00,1/31/11 12:00,2.86,25:57.1
938774,2/1/11 12:00,2/1/11 12:00,2.92,25:57.1
938776,2/2/11 12:00,2/2/11 12:00,2.88,25:57.1
938778,2/3/11 12:00,2/3/11 12:00,2.99,25:57.1
938780,2/4/11 12:00,2/4/11 12:00,3.04,25:57.1
938848,2/5/11 12:00,2/5/11 12:00,3.02,25:57.1
938859,2/6/11 12:00,2/6/11 12:00,3.04,25:57.1
938872,2/7/11 12:00,2/7/11 12:00,3.08,25:57.1
938883,2/8/11 12:00,2/8/11 12:00,3.14,25:57.1
938894,2/9/11 12:00,2/9/11 12:00,3.34,25:57.1
938905,2/10/11 12:00,2/10/11 12:00,3.43,25:57.1
938916,2/11/11 12:00,2/11/11 12:00,3.4,25:57.1
938927,2/12/11 12:00,2/12/11 12:00,3.4,25:57.1
938938,2/13/11 12:00,2/13/11 12:00,3.38,25:57.1
938949,2/14/11 12:00,2/14/11 12:00,3.35,25:57.1
938960,2/15/11 12:00,2/15/11 12:00,3.3,25:57.1
938971,2/16/11 12:00,2/16/11 12:00,3.32,25:57.1
938982,2/17/11 12:00,2/17/11 12:00,3.32,25:57.1
938993,2/18/11 12:00,2/18/11 12:00,3.32,25:57.1
939004,2/19/11 12:00,2/19/11 12:00,3.3,25:57.1
939015,2/20/11 12:00,2/20/11 12:00,3.32,25:57.1
939028,2/21/11 12:00,2/21/11 12:00,3.32,25:57.1
939039,2/22/11 12:00,2/22/11 12:00,3.38,25:57.1
939050,2/23/11 12:00,2/23/11 12:00,3.42,25:57.1
939061,2/24/11 12:00,2/24/11 12:00,3.53,25:57.1
939072,2/25/11 12:00,2/25/11 12:00,3.54,25:57.1
939083,2/26/11 12:00,2/26/11 12:00,3.57,25:57.1
939094,2/27/11 12:00,2/27/11 12:00,3.62,25:57.1
939105,2/28/11 12:00,2/28/11 12:00,3.64,25:57.1
938808,3/1/11 12:00,3/1/11 12:00,3.65,25:57.1
938818,3/2/11 12:00,3/2/11 12:00,3.68,25:57.1
938828,3/3/11 12:00,3/3/11 12:00,3.69,25:57.1
938838,3/4/11 12:00,3/4/11 12:00,3.7,25:57.1
938849,3/5/11 12:00,3/5/11 12:00,3.72,25:57.1
938862,3/6/11 12:00,3/6/11 12:00,3.74,25:57.1
938873,3/7/11 12:00,3/7/11 12:00,3.77,25:57.1
938884,3/8/11 12:00,3/8/11 12:00,3.79,25:57.1
938895,3/9/11 12:00,3/9/11 12:00,3.82,25:57.1
938906,3/10/11 12:00,3/10/11 12:00,3.83,25:57.1
938917,3/11/11 12:00,3/11/11 12:00,3.84,25:57.1
938928,3/12/11 12:00,3/12/11 12:00,3.86,25:57.1
938939,3/13/11 12:00,3/13/11 12:00,3.88,25:57.1
938950,3/14/11 12:00,3/14/11 12:00,3.81,25:57.1
938961,3/15/11 12:00,3/15/11 12:00,3.83,25:57.1
938972,3/16/11 12:00,3/16/11 12:00,3.9,25:57.1
938983,3/17/11 12:00,3/17/11 12:00,3.93,25:57.1
938994,3/18/11 12:00,3/18/11 12:00,3.93,25:57.1
939005,3/19/11 12:00,3/19/11 12:00,3.92,25:57.1
939018,3/20/11 12:00,3/20/11 12:00,3.94,25:57.1
939029,3/21/11 12:00,3/21/11 12:00,3.95,25:57.1
939040,3/22/11 12:00,3/22/11 12:00,3.97,25:57.1
939051,3/23/11 12:00,3/23/11 12:00,3.98,25:57.1
939062,3/24/11 12:00,3/24/11 12:00,3.98,25:57.1
939073,3/25/11 12:00,3/25/11 12:00,4.02,25:57.1
939084,3/26/11 12:00,3/26/11 12:00,4.12,25:57.1
939095,3/27/11 12:00,3/27/11 12:00,4.14,25:57.1
939106,3/28/11 12:00,3/28/11 12:00,4.1,25:57.1
939116,3/29/11 12:00,3/29/11 12:00,4.13,25:57.1
939126,3/30/11 12:00,3/30/11 12:00,4.16,25:57.1
939136,3/31/11 12:00,3/31/11 12:00,4.16,25:57.1
938809,4/1/11 12:00,4/1/11 12:00,4.17,25:57.1
938819,4/2/11 12:00,4/2/11 12:00,4.17,25:57.1
938829,4/3/11 12:00,4/3/11 12:00,4.19,25:57.1
938839,4/4/11 12:00,4/4/11 12:00,4.2,25:57.1
938850,4/5/11 12:00,4/5/11 12:00,4.22,25:57.1
938863,4/6/11 12:00,4/6/11 12:00,4.23,25:57.1
938874,4/7/11 12:00,4/7/11 12:00,4.23,25:57.1
938885,4/8/11 12:00,4/8/11 12:00,4.26,25:57.1
938896,4/9/11 12:00,4/9/11 12:00,4.26,25:57.1
938907,4/10/11 12:00,4/10/11 12:00,4.27,25:57.1
938918,4/11/11 12:00,4/11/11 12:00,4.3,25:57.1
938929,4/12/11 12:00,4/12/11 12:00,4.3,25:57.1
938940,4/13/11 12:00,4/13/11 12:00,4.33,25:57.1
938951,4/14/11 12:00,4/14/11 12:00,4.32,25:57.1
938962,4/15/11 12:00,4/15/11 12:00,4.35,25:57.1
938973,4/16/11 12:00,4/16/11 12:00,4.35,25:57.1
938984,4/17/11 12:00,4/17/11 12:00,4.38,25:57.1
938995,4/18/11 12:00,4/18/11 12:00,4.43,25:57.1
939006,4/19/11 12:00,4/19/11 12:00,4.42,25:57.1
939019,4/20/11 12:00,4/20/11 12:00,4.42,25:57.1
939030,4/21/11 12:00,4/21/11 12:00,4.48,25:57.1
939041,4/22/11 12:00,4/22/11 12:00,4.5,25:57.1
939052,4/23/11 12:00,4/23/11 12:00,4.52,25:57.1
939063,4/24/11 12:00,4/24/11 12:00,4.5,25:57.1
939074,4/25/11 12:00,4/25/11 12:00,4.5,25:57.1
939085,4/26/11 12:00,4/26/11 12:00,4.54,25:57.1
939096,4/27/11 12:00,4/27/11 12:00,4.54,25:57.1
939107,4/28/11 12:00,4/28/11 12:00,4.56,25:57.1
939117,4/29/11 12:00,4/29/11 12:00,4.56,25:57.1
939127,4/30/11 12:00,4/30/11 12:00,4.58,25:57.1
938810,5/1/11 12:00,5/1/11 12:00,4.59,25:57.1
938820,5/2/11 12:00,5/2/11 12:00,4.59,25:57.1
938830,5/3/11 12:00,5/3/11 12:00,4.55,25:57.1
938840,5/4/11 12:00,5/4/11 12:00,4.59,25:57.1
938851,5/5/11 12:00,5/5/11 12:00,4.59,25:57.1
938864,5/6/11 12:00,5/6/11 12:00,4.6,25:57.1
938875,5/7/11 12:00,5/7/11 12:00,4.59,25:57.1
938886,5/8/11 12:00,5/8/11 12:00,4.58,25:57.1
938897,5/9/11 12:00,5/9/11 12:00,4.57,25:57.1
938908,5/10/11 12:00,5/10/11 12:00,4.55,25:57.1
938919,5/11/11 12:00,5/11/11 12:00,4.55,25:57.1
938930,5/12/11 12:00,5/12/11 12:00,4.54,25:57.1
938941,5/13/11 12:00,5/13/11 12:00,4.52,25:57.1
938952,5/14/11 12:00,5/14/11 12:00,4.5,25:57.1
938963,5/15/11 12:00,5/15/11 12:00,4.53,25:57.1
938974,5/16/11 12:00,5/16/11 12:00,4.49,25:57.1
938985,5/17/11 12:00,5/17/11 12:00,4.46,25:57.1
938996,5/18/11 12:00,5/18/11 12:00,4.44,25:57.1
939007,5/19/11 12:00,5/19/11 12:00,4.4,25:57.1
939020,5/20/11 12:00,5/20/11 12:00,4.35,25:57.1
939031,5/21/11 12:00,5/21/11 12:00,4.32,25:57.1
939042,5/22/11 12:00,5/22/11 12:00,4.28,25:57.1
939053,5/23/11 12:00,5/23/11 12:00,4.24,25:57.1
939064,5/24/11 12:00,5/24/11 12:00,4.18,25:57.1
939075,5/25/11 12:00,5/25/11 12:00,4.15,25:57.1
939086,5/26/11 12:00,5/26/11 12:00,4.15,25:57.1
939097,5/27/11 12:00,5/27/11 12:00,4.13,25:57.1
939108,5/28/11 12:00,5/28/11 12:00,4.11,25:57.1
939118,5/29/11 12:00,5/29/11 12:00,4.1,25:57.1
939128,5/30/11 12:00,5/30/11 12:00,4.04,25:57.1
939137,5/31/11 12:00,5/31/11 12:00,3.99,25:57.1
938811,6/1/11 12:00,6/1/11 12:00,3.95,25:57.1
938821,6/2/11 12:00,6/2/11 12:00,3.9,25:57.1
938831,6/3/11 12:00,6/3/11 12:00,3.85,25:57.1
938841,6/4/11 12:00,6/4/11 12:00,3.82,25:57.1
938852,6/5/11 12:00,6/5/11 12:00,3.77,25:57.1
938865,6/6/11 12:00,6/6/11 12:00,3.74,25:57.1
938876,6/7/11 12:00,6/7/11 12:00,3.71,25:57.1
938887,6/8/11 12:00,6/8/11 12:00,3.64,25:57.1
938898,6/9/11 12:00,6/9/11 12:00,3.59,25:57.1
938909,6/10/11 12:00,6/10/11 12:00,3.52,25:57.1
938920,6/11/11 12:00,6/11/11 12:00,3.46,25:57.1
938931,6/12/11 12:00,6/12/11 12:00,3.42,25:57.1
938942,6/13/11 12:00,6/13/11 12:00,3.37,25:57.1
938953,6/14/11 12:00,6/14/11 12:00,3.28,25:57.1
938964,6/15/11 12:00,6/15/11 12:00,3.25,25:57.1
938975,6/16/11 12:00,6/16/11 12:00,3.21,25:57.1
938986,6/17/11 12:00,6/17/11 12:00,3.18,25:57.1
938997,6/18/11 12:00,6/18/11 12:00,3.11,25:57.1
939008,6/19/11 12:00,6/19/11 12:00,3.1,25:57.1
939021,6/20/11 12:00,6/20/11 12:00,3.1,25:57.1
939032,6/21/11 12:00,6/21/11 12:00,3,25:57.1
939043,6/22/11 12:00,6/22/11 12:00,3,25:57.1
939054,6/23/11 12:00,6/23/11 12:00,3,25:57.1
939065,6/24/11 12:00,6/24/11 12:00,2.98,25:57.1
939076,6/25/11 12:00,6/25/11 12:00,2.94,25:57.1
939087,6/26/11 12:00,6/26/11 12:00,2.9,25:57.1
939098,6/27/11 12:00,6/27/11 12:00,2.92,25:57.1
939109,6/28/11 12:00,6/28/11 12:00,2.94,25:57.1
939119,6/29/11 12:00,6/29/11 12:00,2.94,25:57.1
939129,6/30/11 12:00,6/30/11 12:00,2.88,25:57.1
938812,7/1/11 12:00,7/1/11 12:00,2.88,25:57.1
938822,7/2/11 12:00,7/2/11 12:00,2.84,25:57.1
938832,7/3/11 12:00,7/3/11 12:00,2.86,25:57.1
938842,7/4/11 12:00,7/4/11 12:00,2.88,25:57.1
938853,7/5/11 12:00,7/5/11 12:00,2.86,25:57.1
938866,7/6/11 12:00,7/6/11 12:00,2.87,25:57.1
938877,7/7/11 12:00,7/7/11 12:00,2.85,25:57.1
938888,7/8/11 12:00,7/8/11 12:00,2.87,25:57.1
938899,7/9/11 12:00,7/9/11 12:00,2.85,25:57.1
938910,7/10/11 12:00,7/10/11 12:00,2.85,25:57.1
938921,7/11/11 12:00,7/11/11 12:00,2.86,25:57.1
938932,7/12/11 12:00,7/12/11 12:00,2.86,25:57.1
938943,7/13/11 12:00,7/13/11 12:00,2.89,25:57.1
938954,7/14/11 12:00,7/14/11 12:00,2.89,25:57.1
938965,7/15/11 12:00,7/15/11 12:00,2.91,25:57.1
938976,7/16/11 12:00,7/16/11 12:00,2.95,25:57.1
938987,7/17/11 12:00,7/17/11 12:00,2.95,25:57.1
938998,7/18/11 12:00,7/18/11 12:00,3,25:57.1
939009,7/19/11 12:00,7/19/11 12:00,3.09,25:57.1
939022,7/20/11 12:00,7/20/11 12:00,3.08,25:57.1
939033,7/21/11 12:00,7/21/11 12:00,3.05,25:57.1
939044,7/22/11 12:00,7/22/11 12:00,3.05,25:57.1
939055,7/23/11 12:00,7/23/11 12:00,3.04,25:57.1
939066,7/24/11 12:00,7/24/11 12:00,3.04,25:57.1
939077,7/25/11 12:00,7/25/11 12:00,3.02,25:57.1
939088,7/26/11 12:00,7/26/11 12:00,3.04,25:57.1
939099,7/27/11 12:00,7/27/11 12:00,3.02,25:57.1
939110,7/28/11 12:00,7/28/11 12:00,3,25:57.1
939120,7/29/11 12:00,7/29/11 12:00,3.04,25:57.1
939130,7/30/11 12:00,7/30/11 12:00,3.04,25:57.1
939138,7/31/11 12:00,7/31/11 12:00,3.07,25:57.1
938813,8/1/11 12:00,8/1/11 12:00,3.18,25:57.1
938823,8/2/11 12:00,8/2/11 12:00,3.21,25:57.1
938833,8/3/11 12:00,8/3/11 12:00,3.22,25:57.1
938843,8/4/11 12:00,8/4/11 12:00,3.22,25:57.1
938854,8/5/11 12:00,8/5/11 12:00,3.24,25:57.1
938867,8/6/11 12:00,8/6/11 12:00,3.32,25:57.1
938878,8/7/11 12:00,8/7/11 12:00,3.34,25:57.1
938889,8/8/11 12:00,8/8/11 12:00,3.31,25:57.1
938900,8/9/11 12:00,8/9/11 12:00,3.34,25:57.1
938911,8/10/11 12:00,8/10/11 12:00,3.37,25:57.1
938922,8/11/11 12:00,8/11/11 12:00,3.37,25:57.1
938933,8/12/11 12:00,8/12/11 12:00,3.38,25:57.1
938944,8/13/11 12:00,8/13/11 12:00,3.4,25:57.1
938955,8/14/11 12:00,8/14/11 12:00,3.38,25:57.1
938966,8/15/11 12:00,8/15/11 12:00,3.46,25:57.1
938977,8/16/11 12:00,8/16/11 12:00,3.51,25:57.1
938988,8/17/11 12:00,8/17/11 12:00,3.53,25:57.1
938999,8/18/11 12:00,8/18/11 12:00,3.53,25:57.1
939010,8/19/11 12:00,8/19/11 12:00,3.6,25:57.1
939023,8/20/11 12:00,8/20/11 12:00,3.57,25:57.1
939034,8/21/11 12:00,8/21/11 12:00,3.59,25:57.1
939045,8/22/11 12:00,8/22/11 12:00,3.64,25:57.1
939056,8/23/11 12:00,8/23/11 12:00,3.68,25:57.1
939067,8/24/11 12:00,8/24/11 12:00,3.74,25:57.1
939078,8/25/11 12:00,8/25/11 12:00,3.75,25:57.1
939089,8/26/11 12:00,8/26/11 12:00,3.76,25:57.1
939100,8/27/11 12:00,8/27/11 12:00,3.76,25:57.1
939111,8/28/11 12:00,8/28/11 12:00,3.8,25:57.1
939121,8/29/11 12:00,8/29/11 12:00,3.79,25:57.1
939131,8/30/11 12:00,8/30/11 12:00,3.78,25:57.1
939139,8/31/11 12:00,8/31/11 12:00,3.78,25:57.1
938814,9/1/11 12:00,9/1/11 12:00,3.78,25:57.1
938824,9/2/11 12:00,9/2/11 12:00,3.8,25:57.1
938834,9/3/11 12:00,9/3/11 12:00,3.85,25:57.1
938844,9/4/11 12:00,9/4/11 12:00,3.87,25:57.1
938855,9/5/11 12:00,9/5/11 12:00,3.84,25:57.1
938868,9/6/11 12:00,9/6/11 12:00,3.84,25:57.1
938879,9/7/11 12:00,9/7/11 12:00,3.87,25:57.1
938890,9/8/11 12:00,9/8/11 12:00,3.89,25:57.1
938901,9/9/11 12:00,9/9/11 12:00,3.92,25:57.1
938912,9/10/11 12:00,9/10/11 12:00,3.94,25:57.1
938923,9/11/11 12:00,9/11/11 12:00,3.94,25:57.1
938934,9/12/11 12:00,9/12/11 12:00,3.89,25:57.1
938945,9/13/11 12:00,9/13/11 12:00,3.92,25:57.1
938956,9/14/11 12:00,9/14/11 12:00,3.92,25:57.1
938967,9/15/11 12:00,9/15/11 12:00,3.92,25:57.1
938978,9/16/11 12:00,9/16/11 12:00,3.93,25:57.1
938989,9/17/11 12:00,9/17/11 12:00,3.92,25:57.1
939000,9/18/11 12:00,9/18/11 12:00,3.92,25:57.1
939011,9/19/11 12:00,9/19/11 12:00,3.85,25:57.1
939024,9/20/11 12:00,9/20/11 12:00,3.87,25:57.1
939035,9/21/11 12:00,9/21/11 12:00,3.87,25:57.1
939046,9/22/11 12:00,9/22/11 12:00,3.86,25:57.1
939057,9/23/11 12:00,9/23/11 12:00,3.85,25:57.1
939068,9/24/11 12:00,9/24/11 12:00,3.86,25:57.1
939079,9/25/11 12:00,9/25/11 12:00,3.88,25:57.1
939090,9/26/11 12:00,9/26/11 12:00,3.89,25:57.1
939101,9/27/11 12:00,9/27/11 12:00,3.86,25:57.1
939112,9/28/11 12:00,9/28/11 12:00,3.83,25:57.1
939122,9/29/11 12:00,9/29/11 12:00,3.82,25:57.1
939132,9/30/11 12:00,9/30/11 12:00,3.8,25:57.1
938815,10/1/11 12:00,10/1/11 12:00,3.74,25:57.1
938825,10/2/11 12:00,10/2/11 12:00,3.72,25:57.1
938835,10/3/11 12:00,10/3/11 12:00,3.69,25:57.1
938845,10/4/11 12:00,10/4/11 12:00,3.66,25:57.1
938856,10/5/11 12:00,10/5/11 12:00,3.66,25:57.1
938869,10/6/11 12:00,10/6/11 12:00,3.64,25:57.1
938880,10/7/11 12:00,10/7/11 12:00,3.58,25:57.1
938891,10/8/11 12:00,10/8/11 12:00,3.6,25:57.1
938902,10/9/11 12:00,10/9/11 12:00,3.65,25:57.1
938913,10/10/11 12:00,10/10/11 12:00,3.62,25:57.1
938924,10/11/11 12:00,10/11/11 12:00,3.54,25:57.1
938935,10/12/11 12:00,10/12/11 12:00,3.52,25:57.1
938946,10/13/11 12:00,10/13/11 12:00,3.52,25:57.1
938957,10/14/11 12:00,10/14/11 12:00,3.52,25:57.1
938968,10/15/11 12:00,10/15/11 12:00,3.48,25:57.1
938979,10/16/11 12:00,10/16/11 12:00,3.48,25:57.1
938990,10/17/11 12:00,10/17/11 12:00,3.43,25:57.1
939001,10/18/11 12:00,10/18/11 12:00,3.41,25:57.1
939012,10/19/11 12:00,10/19/11 12:00,3.41,25:57.1
939025,10/20/11 12:00,10/20/11 12:00,3.38,25:57.1
939036,10/21/11 12:00,10/21/11 12:00,3.36,25:57.1
939047,10/22/11 12:00,10/22/11 12:00,3.33,25:57.1
939058,10/23/11 12:00,10/23/11 12:00,3.32,25:57.1
939069,10/24/11 12:00,10/24/11 12:00,3.32,25:57.1
939080,10/25/11 12:00,10/25/11 12:00,3.38,25:57.1
939091,10/26/11 12:00,10/26/11 12:00,3.42,25:57.1
939102,10/27/11 12:00,10/27/11 12:00,3.47,25:57.1
939113,10/28/11 12:00,10/28/11 12:00,3.52,25:57.1
939123,10/29/11 12:00,10/29/11 12:00,3.56,25:57.1
939133,10/30/11 12:00,10/30/11 12:00,3.6,25:57.1
939140,10/31/11 12:00,10/31/11 12:00,3.62,25:57.1
938816,11/1/11 12:00,11/1/11 12:00,3.66,25:57.1
938826,11/2/11 12:00,11/2/11 12:00,3.7,25:57.1
938836,11/3/11 12:00,11/3/11 12:00,3.71,25:57.1
938846,11/4/11 12:00,11/4/11 12:00,3.7,25:57.1
938857,11/5/11 12:00,11/5/11 12:00,3.7,25:57.1
938870,11/6/11 12:00,11/6/11 12:00,3.69,25:57.1
938881,11/7/11 12:00,11/7/11 12:00,3.67,25:57.1
938892,11/8/11 12:00,11/8/11 12:00,3.69,25:57.1
938903,11/9/11 12:00,11/9/11 12:00,3.69,25:57.1
938914,11/10/11 12:00,11/10/11 12:00,3.69,25:57.1
938925,11/11/11 12:00,11/11/11 12:00,3.64,25:57.1
938936,11/12/11 12:00,11/12/11 12:00,3.64,25:57.1
938947,11/13/11 12:00,11/13/11 12:00,3.64,25:57.1
938958,11/14/11 12:00,11/14/11 12:00,3.66,25:57.1
938969,11/15/11 12:00,11/15/11 12:00,3.64,25:57.1
938980,11/16/11 12:00,11/16/11 12:00,3.63,25:57.1
938991,11/17/11 12:00,11/17/11 12:00,3.61,25:57.1
939002,11/18/11 12:00,11/18/11 12:00,3.59,25:57.1
939013,11/19/11 12:00,11/19/11 12:00,3.58,25:57.1
939026,11/20/11 12:00,11/20/11 12:00,3.54,25:57.1
939037,11/21/11 12:00,11/21/11 12:00,3.5,25:57.1
939048,11/22/11 12:00,11/22/11 12:00,3.5,25:57.1
939059,11/23/11 12:00,11/23/11 12:00,3.5,25:57.1
939070,11/24/11 12:00,11/24/11 12:00,3.5,25:57.1
939081,11/25/11 12:00,11/25/11 12:00,3.5,25:57.1
939092,11/26/11 12:00,11/26/11 12:00,3.47,25:57.1
939103,11/27/11 12:00,11/27/11 12:00,3.44,25:57.1
939114,11/28/11 12:00,11/28/11 12:00,3.43,25:57.1
939124,11/29/11 12:00,11/29/11 12:00,3.42,25:57.1
939134,11/30/11 12:00,11/30/11 12:00,3.4,25:57.1
938817,12/1/11 12:00,12/1/11 12:00,3.4,25:57.1
938827,12/2/11 12:00,12/2/11 12:00,3.4,25:57.1
938837,12/3/11 12:00,12/3/11 12:00,3.46,25:57.1
938847,12/4/11 12:00,12/4/11 12:00,3.46,25:57.1
938858,12/5/11 12:00,12/5/11 12:00,3.46,25:57.1
938871,12/6/11 12:00,12/6/11 12:00,3.4,25:57.1
938882,12/7/11 12:00,12/7/11 12:00,3.4,25:57.1
938893,12/8/11 12:00,12/8/11 12:00,3.37,25:57.1
938904,12/9/11 12:00,12/9/11 12:00,3.35,25:57.1
938915,12/10/11 12:00,12/10/11 12:00,3.32,25:57.1
938926,12/11/11 12:00,12/11/11 12:00,3.32,25:57.1
938937,12/12/11 12:00,12/12/11 12:00,3.26,25:57.1
938948,12/13/11 12:00,12/13/11 12:00,3.16,25:57.1
938959,12/14/11 12:00,12/14/11 12:00,3.14,25:57.1
938970,12/15/11 12:00,12/15/11 12:00,3.1,25:57.1
938981,12/16/11 12:00,12/16/11 12:00,3.08,25:57.1
938992,12/17/11 12:00,12/17/11 12:00,3.06,25:57.1
939003,12/18/11 12:00,12/18/11 12:00,3.03,25:57.1
939014,12/19/11 12:00,12/19/11 12:00,3,25:57.1
939027,12/20/11 12:00,12/20/11 12:00,2.98,25:57.1
939038,12/21/11 12:00,12/21/11 12:00,2.92,25:57.1
939049,12/22/11 12:00,12/22/11 12:00,2.86,25:57.1
939060,12/23/11 12:00,12/23/11 12:00,2.86,25:57.1
939071,12/24/11 12:00,12/24/11 12:00,2.74,25:57.1
939082,12/25/11 12:00,12/25/11 12:00,2.72,25:57.1
939093,12/26/11 12:00,12/26/11 12:00,2.72,25:57.1
939104,12/27/11 12:00,12/27/11 12:00,2.62,25:57.1
939115,12/28/11 12:00,12/28/11 12:00,2.62,25:57.1
939125,12/29/11 12:00,12/29/11 12:00,2.52,25:57.1
939135,12/30/11 12:00,12/30/11 12:00,2.46,25:57.1
939141,12/31/11 12:00,12/31/11 12:00,2.4,25:57.1
939142,1/1/12 12:00,1/1/12 12:00,2.4,25:57.1
939154,1/2/12 12:00,1/2/12 12:00,2.45,25:57.1
939166,1/3/12 12:00,1/3/12 12:00,2.43,25:57.1
939180,1/4/12 12:00,1/4/12 12:00,2.4,25:57.1
939192,1/5/12 12:00,1/5/12 12:00,2.42,25:57.1
939204,1/6/12 12:00,1/6/12 12:00,2.35,25:57.1
939216,1/7/12 12:00,1/7/12 12:00,2.29,25:57.1
939228,1/8/12 12:00,1/8/12 12:00,2.2,25:57.1
939240,1/9/12 12:00,1/9/12 12:00,2.3,25:57.1
939252,1/10/12 12:00,1/10/12 12:00,2.2,25:57.1
939264,1/11/12 12:00,1/11/12 12:00,2.06,25:57.1
939276,1/12/12 12:00,1/12/12 12:00,2,25:57.1
939288,1/13/12 12:00,1/13/12 12:00,2.02,25:57.1
939300,1/14/12 12:00,1/14/12 12:00,2.1,25:57.1
939312,1/15/12 12:00,1/15/12 12:00,2.04,25:57.1
939324,1/16/12 12:00,1/16/12 12:00,1.97,25:57.1
939338,1/17/12 12:00,1/17/12 12:00,1.9,25:57.1
939350,1/18/12 12:00,1/18/12 12:00,1.87,25:57.1
939362,1/19/12 12:00,1/19/12 12:00,1.87,25:57.1
939374,1/20/12 12:00,1/20/12 12:00,1.8,25:57.1
939386,1/21/12 12:00,1/21/12 12:00,1.74,25:57.1
939398,1/22/12 12:00,1/22/12 12:00,1.7,25:57.1
939410,1/23/12 12:00,1/23/12 12:00,1.68,25:57.1
939422,1/24/12 12:00,1/24/12 12:00,1.66,25:57.1
939434,1/25/12 12:00,1/25/12 12:00,1.68,25:57.1
939446,1/26/12 12:00,1/26/12 12:00,1.66,25:57.1
939458,1/27/12 12:00,1/27/12 12:00,1.75,25:57.1
939470,1/28/12 12:00,1/28/12 12:00,1.92,25:57.1
939482,1/29/12 12:00,1/29/12 12:00,1.92,25:57.1
939496,1/30/12 12:00,1/30/12 12:00,1.89,25:57.1
939507,1/31/12 12:00,1/31/12 12:00,1.91,25:57.1
939143,2/1/12 12:00,2/1/12 12:00,2,25:57.1
939155,2/2/12 12:00,2/2/12 12:00,2.05,25:57.1
939167,2/3/12 12:00,2/3/12 12:00,2.06,25:57.1
939181,2/4/12 12:00,2/4/12 12:00,2.22,25:57.1
939193,2/5/12 12:00,2/5/12 12:00,2.28,25:57.1
939205,2/6/12 12:00,2/6/12 12:00,2.26,25:57.1
939217,2/7/12 12:00,2/7/12 12:00,2.44,25:57.1
939229,2/8/12 12:00,2/8/12 12:00,2.41,25:57.1
939241,2/9/12 12:00,2/9/12 12:00,2.62,25:57.1
939253,2/10/12 12:00,2/10/12 12:00,2.63,25:57.1
939265,2/11/12 12:00,2/11/12 12:00,2.78,25:57.1
939277,2/12/12 12:00,2/12/12 12:00,2.74,25:57.1
939289,2/13/12 12:00,2/13/12 12:00,2.66,25:57.1
939301,2/14/12 12:00,2/14/12 12:00,2.6,25:57.1
939313,2/15/12 12:00,2/15/12 12:00,2.56,25:57.1
939325,2/16/12 12:00,2/16/12 12:00,2.53,25:57.1
939339,2/17/12 12:00,2/17/12 12:00,2.47,25:57.1
939351,2/18/12 12:00,2/18/12 12:00,2.48,25:57.1
939363,2/19/12 12:00,2/19/12 12:00,2.47,25:57.1
939375,2/20/12 12:00,2/20/12 12:00,2.37,25:57.1
939387,2/21/12 12:00,2/21/12 12:00,2.34,25:57.1
939399,2/22/12 12:00,2/22/12 12:00,2.33,25:57.1
939411,2/23/12 12:00,2/23/12 12:00,2.37,25:57.1
939423,2/24/12 12:00,2/24/12 12:00,2.37,25:57.1
939435,2/25/12 12:00,2/25/12 12:00,2.32,25:57.1
939447,2/26/12 12:00,2/26/12 12:00,2.26,25:57.1
939459,2/27/12 12:00,2/27/12 12:00,2.23,25:57.1
939471,2/28/12 12:00,2/28/12 12:00,2.21,25:57.1
939483,2/29/12 12:00,2/29/12 12:00,2.16,25:57.1
939144,3/1/12 12:00,3/1/12 12:00,2.1,25:57.1
939156,3/2/12 12:00,3/2/12 12:00,2.12,25:57.1
939168,3/3/12 12:00,3/3/12 12:00,2.12,25:57.1
939182,3/4/12 12:00,3/4/12 12:00,2.12,25:57.1
939194,3/5/12 12:00,3/5/12 12:00,2.06,25:57.1
939206,3/6/12 12:00,3/6/12 12:00,2.04,25:57.1
939218,3/7/12 12:00,3/7/12 12:00,2.12,25:57.1
939230,3/8/12 12:00,3/8/12 12:00,2.29,25:57.1
939242,3/9/12 12:00,3/9/12 12:00,2.33,25:57.1
939254,3/10/12 12:00,3/10/12 12:00,2.38,25:57.1
939266,3/11/12 12:00,3/11/12 12:00,2.38,25:57.1
939278,3/12/12 12:00,3/12/12 12:00,2.33,25:57.1
939290,3/13/12 12:00,3/13/12 12:00,2.38,25:57.1
939302,3/14/12 12:00,3/14/12 12:00,2.4,25:57.1
939314,3/15/12 12:00,3/15/12 12:00,2.4,25:57.1
939326,3/16/12 12:00,3/16/12 12:00,2.37,25:57.1
939340,3/17/12 12:00,3/17/12 12:00,2.4,25:57.1
939352,3/18/12 12:00,3/18/12 12:00,2.33,25:57.1
939364,3/19/12 12:00,3/19/12 12:00,2.29,25:57.1
939376,3/20/12 12:00,3/20/12 12:00,2.22,25:57.1
939388,3/21/12 12:00,3/21/12 12:00,2.3,25:57.1
939400,3/22/12 12:00,3/22/12 12:00,2.39,25:57.1
939412,3/23/12 12:00,3/23/12 12:00,2.41,25:57.1
939424,3/24/12 12:00,3/24/12 12:00,2.42,25:57.1
939436,3/25/12 12:00,3/25/12 12:00,2.42,25:57.1
939448,3/26/12 12:00,3/26/12 12:00,2.33,25:57.1
939460,3/27/12 12:00,3/27/12 12:00,2.28,25:57.1
939472,3/28/12 12:00,3/28/12 12:00,2.23,25:57.1
939486,3/29/12 12:00,3/29/12 12:00,2.23,25:57.1
939497,3/30/12 12:00,3/30/12 12:00,2.21,25:57.1
939508,3/31/12 12:00,3/31/12 12:00,2.14,25:57.1
939145,4/1/12 12:00,4/1/12 12:00,2.14,25:57.1
939157,4/2/12 12:00,4/2/12 12:00,2.15,25:57.1
939169,4/3/12 12:00,4/3/12 12:00,2.1,25:57.1
939183,4/4/12 12:00,4/4/12 12:00,2.02,25:57.1
939195,4/5/12 12:00,4/5/12 12:00,2.05,25:57.1
939207,4/6/12 12:00,4/6/12 12:00,2,25:57.1
939219,4/7/12 12:00,4/7/12 12:00,2,25:57.1
939231,4/8/12 12:00,4/8/12 12:00,2.08,25:57.1
939243,4/9/12 12:00,4/9/12 12:00,2.08,25:57.1
939255,4/10/12 12:00,4/10/12 12:00,2.15,25:57.1
939267,4/11/12 12:00,4/11/12 12:00,2.2,25:57.1
939279,4/12/12 12:00,4/12/12 12:00,2.2,25:57.1
939291,4/13/12 12:00,4/13/12 12:00,2.2,25:57.1
939303,4/14/12 12:00,4/14/12 12:00,2.22,25:57.1
939315,4/15/12 12:00,4/15/12 12:00,2.22,25:57.1
939327,4/16/12 12:00,4/16/12 12:00,2.15,25:57.1
939341,4/17/12 12:00,4/17/12 12:00,2.15,25:57.1
939353,4/18/12 12:00,4/18/12 12:00,2.12,25:57.1
939365,4/19/12 12:00,4/19/12 12:00,2.07,25:57.1
939377,4/20/12 12:00,4/20/12 12:00,2.07,25:57.1
939389,4/21/12 12:00,4/21/12 12:00,2.12,25:57.1
939401,4/22/12 12:00,4/22/12 12:00,2.16,25:57.1
939413,4/23/12 12:00,4/23/12 12:00,2.3,25:57.1
939425,4/24/12 12:00,4/24/12 12:00,2.39,25:57.1
939437,4/25/12 12:00,4/25/12 12:00,2.44,25:57.1
939449,4/26/12 12:00,4/26/12 12:00,2.47,25:57.1
939461,4/27/12 12:00,4/27/12 12:00,2.47,25:57.1
939473,4/28/12 12:00,4/28/12 12:00,2.48,25:57.1
939487,4/29/12 12:00,4/29/12 12:00,2.52,25:57.1
939498,4/30/12 12:00,4/30/12 12:00,2.54,25:57.1
939146,5/1/12 12:00,5/1/12 12:00,2.58,25:57.1
939158,5/2/12 12:00,5/2/12 12:00,2.58,25:57.1
939170,5/3/12 12:00,5/3/12 12:00,2.54,25:57.1
939184,5/4/12 12:00,5/4/12 12:00,2.51,25:57.1
939196,5/5/12 12:00,5/5/12 12:00,2.51,25:57.1
939208,5/6/12 12:00,5/6/12 12:00,2.54,25:57.1
939220,5/7/12 12:00,5/7/12 12:00,2.6,25:57.1
939232,5/8/12 12:00,5/8/12 12:00,2.68,25:57.1
939244,5/9/12 12:00,5/9/12 12:00,2.67,25:57.1
939256,5/10/12 12:00,5/10/12 12:00,2.7,25:57.1
939268,5/11/12 12:00,5/11/12 12:00,2.77,25:57.1
939280,5/12/12 12:00,5/12/12 12:00,2.78,25:57.1
939292,5/13/12 12:00,5/13/12 12:00,2.79,25:57.1
939304,5/14/12 12:00,5/14/12 12:00,2.8,25:57.1
939316,5/15/12 12:00,5/15/12 12:00,2.88,25:57.1
939330,5/16/12 12:00,5/16/12 12:00,2.87,25:57.1
939342,5/17/12 12:00,5/17/12 12:00,2.87,25:57.1
939354,5/18/12 12:00,5/18/12 12:00,2.87,25:57.1
939366,5/19/12 12:00,5/19/12 12:00,2.87,25:57.1
939378,5/20/12 12:00,5/20/12 12:00,2.84,25:57.1
939390,5/21/12 12:00,5/21/12 12:00,2.84,25:57.1
939402,5/22/12 12:00,5/22/12 12:00,2.85,25:57.1
939414,5/23/12 12:00,5/23/12 12:00,2.89,25:57.1
939426,5/24/12 12:00,5/24/12 12:00,2.95,25:57.1
939438,5/25/12 12:00,5/25/12 12:00,2.99,25:57.1
939450,5/26/12 12:00,5/26/12 12:00,3,25:57.1
939462,5/27/12 12:00,5/27/12 12:00,2.98,25:57.1
939474,5/28/12 12:00,5/28/12 12:00,2.93,25:57.1
939488,5/29/12 12:00,5/29/12 12:00,2.91,25:57.1
939499,5/30/12 12:00,5/30/12 12:00,2.84,25:57.1
939509,5/31/12 12:00,5/31/12 12:00,2.79,25:57.1
939147,6/1/12 12:00,6/1/12 12:00,2.79,25:57.1
939159,6/2/12 12:00,6/2/12 12:00,2.83,25:57.1
939171,6/3/12 12:00,6/3/12 12:00,2.82,25:57.1
939185,6/4/12 12:00,6/4/12 12:00,2.7,25:57.1
939197,6/5/12 12:00,6/5/12 12:00,2.65,25:57.1
939209,6/6/12 12:00,6/6/12 12:00,2.61,25:57.1
939221,6/7/12 12:00,6/7/12 12:00,2.61,25:57.1
939233,6/8/12 12:00,6/8/12 12:00,2.52,25:57.1
939245,6/9/12 12:00,6/9/12 12:00,2.58,25:57.1
939257,6/10/12 12:00,6/10/12 12:00,2.59,25:57.1
939269,6/11/12 12:00,6/11/12 12:00,2.59,25:57.1
939281,6/12/12 12:00,6/12/12 12:00,2.6,25:57.1
939293,6/13/12 12:00,6/13/12 12:00,2.62,25:57.1
939305,6/14/12 12:00,6/14/12 12:00,2.61,25:57.1
939317,6/15/12 12:00,6/15/12 12:00,2.62,25:57.1
939331,6/16/12 12:00,6/16/12 12:00,2.64,25:57.1
939343,6/17/12 12:00,6/17/12 12:00,2.7,25:57.1
939355,6/18/12 12:00,6/18/12 12:00,2.82,25:57.1
939367,6/19/12 12:00,6/19/12 12:00,2.85,25:57.1
939379,6/20/12 12:00,6/20/12 12:00,2.85,25:57.1
939391,6/21/12 12:00,6/21/12 12:00,2.82,25:57.1
939403,6/22/12 12:00,6/22/12 12:00,2.83,25:57.1
939415,6/23/12 12:00,6/23/12 12:00,2.88,25:57.1
939427,6/24/12 12:00,6/24/12 12:00,2.88,25:57.1
939439,6/25/12 12:00,6/25/12 12:00,2.88,25:57.1
939451,6/26/12 12:00,6/26/12 12:00,2.92,25:57.1
939463,6/27/12 12:00,6/27/12 12:00,3.02,25:57.1
939475,6/28/12 12:00,6/28/12 12:00,3.03,25:57.1
939489,6/29/12 12:00,6/29/12 12:00,3.06,25:57.1
939500,6/30/12 12:00,6/30/12 12:00,3.12,25:57.1
939148,7/1/12 12:00,7/1/12 12:00,3.19,25:57.1
939160,7/2/12 12:00,7/2/12 12:00,3.22,25:57.1
939174,7/3/12 12:00,7/3/12 12:00,3.26,25:57.1
939186,7/4/12 12:00,7/4/12 12:00,3.26,25:57.1
939198,7/5/12 12:00,7/5/12 12:00,3.34,25:57.1
939210,7/6/12 12:00,7/6/12 12:00,3.39,25:57.1
939222,7/7/12 12:00,7/7/12 12:00,3.42,25:57.1
939234,7/8/12 12:00,7/8/12 12:00,3.47,25:57.1
939246,7/9/12 12:00,7/9/12 12:00,3.51,25:57.1
939258,7/10/12 12:00,7/10/12 12:00,3.54,25:57.1
939270,7/11/12 12:00,7/11/12 12:00,3.53,25:57.1
939282,7/12/12 12:00,7/12/12 12:00,3.54,25:57.1
939294,7/13/12 12:00,7/13/12 12:00,3.56,25:57.1
939306,7/14/12 12:00,7/14/12 12:00,3.6,25:57.1
939318,7/15/12 12:00,7/15/12 12:00,3.6,25:57.1
939332,7/16/12 12:00,7/16/12 12:00,3.64,25:57.1
939344,7/17/12 12:00,7/17/12 12:00,3.7,25:57.1
939356,7/18/12 12:00,7/18/12 12:00,3.68,25:57.1
939368,7/19/12 12:00,7/19/12 12:00,3.66,25:57.1
939380,7/20/12 12:00,7/20/12 12:00,3.64,25:57.1
939392,7/21/12 12:00,7/21/12 12:00,3.69,25:57.1
939404,7/22/12 12:00,7/22/12 12:00,3.64,25:57.1
939416,7/23/12 12:00,7/23/12 12:00,3.59,25:57.1
939428,7/24/12 12:00,7/24/12 12:00,3.59,25:57.1
939440,7/25/12 12:00,7/25/12 12:00,3.54,25:57.1
939452,7/26/12 12:00,7/26/12 12:00,3.52,25:57.1
939464,7/27/12 12:00,7/27/12 12:00,3.52,25:57.1
939476,7/28/12 12:00,7/28/12 12:00,3.5,25:57.1
939490,7/29/12 12:00,7/29/12 12:00,3.5,25:57.1
939501,7/30/12 12:00,7/30/12 12:00,3.45,25:57.1
939510,7/31/12 12:00,7/31/12 12:00,3.42,25:57.1
939149,8/1/12 12:00,8/1/12 12:00,3.42,25:57.1
939161,8/2/12 12:00,8/2/12 12:00,3.4,25:57.1
939175,8/3/12 12:00,8/3/12 12:00,3.36,25:57.1
939187,8/4/12 12:00,8/4/12 12:00,3.32,25:57.1
939199,8/5/12 12:00,8/5/12 12:00,3.3,25:57.1
939211,8/6/12 12:00,8/6/12 12:00,3.29,25:57.1
939223,8/7/12 12:00,8/7/12 12:00,3.3,25:57.1
939235,8/8/12 12:00,8/8/12 12:00,3.27,25:57.1
939247,8/9/12 12:00,8/9/12 12:00,3.26,25:57.1
939259,8/10/12 12:00,8/10/12 12:00,3.23,25:57.1
939271,8/11/12 12:00,8/11/12 12:00,3.2,25:57.1
939283,8/12/12 12:00,8/12/12 12:00,3.18,25:57.1
939295,8/13/12 12:00,8/13/12 12:00,3.15,25:57.1
939307,8/14/12 12:00,8/14/12 12:00,3.12,25:57.1
939319,8/15/12 12:00,8/15/12 12:00,3.12,25:57.1
939333,8/16/12 12:00,8/16/12 12:00,3.1,25:57.1
939345,8/17/12 12:00,8/17/12 12:00,3.13,25:57.1
939357,8/18/12 12:00,8/18/12 12:00,3.14,25:57.1
939369,8/19/12 12:00,8/19/12 12:00,3.2,25:57.1
939381,8/20/12 12:00,8/20/12 12:00,3.21,25:57.1
939393,8/21/12 12:00,8/21/12 12:00,3.21,25:57.1
939405,8/22/12 12:00,8/22/12 12:00,3.12,25:57.1
939417,8/23/12 12:00,8/23/12 12:00,3.1,25:57.1
939429,8/24/12 12:00,8/24/12 12:00,3.12,25:57.1
939441,8/25/12 12:00,8/25/12 12:00,3.06,25:57.1
939453,8/26/12 12:00,8/26/12 12:00,2.97,25:57.1
939465,8/27/12 12:00,8/27/12 12:00,3.02,25:57.1
939477,8/28/12 12:00,8/28/12 12:00,3.01,25:57.1
939491,8/29/12 12:00,8/29/12 12:00,3,25:57.1
939502,8/30/12 12:00,8/30/12 12:00,2.95,25:57.1
939511,8/31/12 12:00,8/31/12 12:00,2.88,25:57.1
939150,9/1/12 12:00,9/1/12 12:00,2.82,25:57.1
939162,9/2/12 12:00,9/2/12 12:00,2.79,25:57.1
939176,9/3/12 12:00,9/3/12 12:00,2.72,25:57.1
939188,9/4/12 12:00,9/4/12 12:00,2.76,25:57.1
939200,9/5/12 12:00,9/5/12 12:00,2.79,25:57.1
939212,9/6/12 12:00,9/6/12 12:00,2.74,25:57.1
939224,9/7/12 12:00,9/7/12 12:00,2.62,25:57.1
939236,9/8/12 12:00,9/8/12 12:00,2.72,25:57.1
939248,9/9/12 12:00,9/9/12 12:00,2.74,25:57.1
939260,9/10/12 12:00,9/10/12 12:00,2.7,25:57.1
939272,9/11/12 12:00,9/11/12 12:00,2.66,25:57.1
939284,9/12/12 12:00,9/12/12 12:00,2.54,25:57.1
939296,9/13/12 12:00,9/13/12 12:00,2.41,25:57.1
939308,9/14/12 12:00,9/14/12 12:00,2.32,25:57.1
939320,9/15/12 12:00,9/15/12 12:00,2.26,25:57.1
939334,9/16/12 12:00,9/16/12 12:00,2.22,25:57.1
939346,9/17/12 12:00,9/17/12 12:00,2.16,25:57.1
939358,9/18/12 12:00,9/18/12 12:00,2.2,25:57.1
939370,9/19/12 12:00,9/19/12 12:00,2.24,25:57.1
939382,9/20/12 12:00,9/20/12 12:00,2.44,25:57.1
939394,9/21/12 12:00,9/21/12 12:00,2.48,25:57.1
939406,9/22/12 12:00,9/22/12 12:00,2.49,25:57.1
939418,9/23/12 12:00,9/23/12 12:00,2.3,25:57.1
939430,9/24/12 12:00,9/24/12 12:00,2.24,25:57.1
939442,9/25/12 12:00,9/25/12 12:00,2.2,25:57.1
939454,9/26/12 12:00,9/26/12 12:00,2.13,25:57.1
939466,9/27/12 12:00,9/27/12 12:00,2.18,25:57.1
939478,9/28/12 12:00,9/28/12 12:00,2.18,25:57.1
939492,9/29/12 12:00,9/29/12 12:00,2.12,25:57.1
939503,9/30/12 12:00,9/30/12 12:00,1.98,25:57.1
939151,10/1/12 12:00,10/1/12 12:00,1.9,25:57.1
939163,10/2/12 12:00,10/2/12 12:00,1.8,25:57.1
939177,10/3/12 12:00,10/3/12 12:00,1.7,25:57.1
939189,10/4/12 12:00,10/4/12 12:00,1.76,25:57.1
939201,10/5/12 12:00,10/5/12 12:00,1.76,25:57.1
939213,10/6/12 12:00,10/6/12 12:00,1.8,25:57.1
939225,10/7/12 12:00,10/7/12 12:00,1.8,25:57.1
939237,10/8/12 12:00,10/8/12 12:00,2.05,25:57.1
939249,10/9/12 12:00,10/9/12 12:00,2.25,25:57.1
939261,10/10/12 12:00,10/10/12 12:00,2.4,25:57.1
939273,10/11/12 12:00,10/11/12 12:00,2.5,25:57.1
939285,10/12/12 12:00,10/12/12 12:00,2.75,25:57.1
939297,10/13/12 12:00,10/13/12 12:00,2.84,25:57.1
939309,10/14/12 12:00,10/14/12 12:00,2.84,25:57.1
939321,10/15/12 12:00,10/15/12 12:00,2.78,25:57.1
939335,10/16/12 12:00,10/16/12 12:00,2.78,25:57.1
939347,10/17/12 12:00,10/17/12 12:00,2.8,25:57.1
939359,10/18/12 12:00,10/18/12 12:00,2.78,25:57.1
939371,10/19/12 12:00,10/19/12 12:00,2.78,25:57.1
939383,10/20/12 12:00,10/20/12 12:00,2.86,25:57.1
939395,10/21/12 12:00,10/21/12 12:00,3,25:57.1
939407,10/22/12 12:00,10/22/12 12:00,2.86,25:57.1
939419,10/23/12 12:00,10/23/12 12:00,3,25:57.1
939431,10/24/12 12:00,10/24/12 12:00,3.2,25:57.1
939443,10/25/12 12:00,10/25/12 12:00,3.16,25:57.1
939455,10/26/12 12:00,10/26/12 12:00,3.16,25:57.1
939467,10/27/12 12:00,10/27/12 12:00,2.94,25:57.1
939479,10/28/12 12:00,10/28/12 12:00,2.89,25:57.1
939493,10/29/12 12:00,10/29/12 12:00,3.16,25:57.1
939504,10/30/12 12:00,10/30/12 12:00,2.86,25:57.1
939512,10/31/12 12:00,10/31/12 12:00,2.92,25:57.1
939152,11/1/12 12:00,11/1/12 12:00,2.85,25:57.1
939164,11/2/12 12:00,11/2/12 12:00,2.73,25:57.1
939178,11/3/12 12:00,11/3/12 12:00,2.73,25:57.1
939190,11/4/12 12:00,11/4/12 12:00,2.68,25:57.1
939202,11/5/12 12:00,11/5/12 12:00,2.66,25:57.1
939214,11/6/12 12:00,11/6/12 12:00,2.72,25:57.1
939226,11/7/12 12:00,11/7/12 12:00,2.72,25:57.1
939238,11/8/12 12:00,11/8/12 12:00,2.72,25:57.1
939250,11/9/12 12:00,11/9/12 12:00,2.82,25:57.1
939262,11/10/12 12:00,11/10/12 12:00,2.86,25:57.1
939274,11/11/12 12:00,11/11/12 12:00,3.01,25:57.1
939286,11/12/12 12:00,11/12/12 12:00,3.01,25:57.1
939298,11/13/12 12:00,11/13/12 12:00,3.03,25:57.1
939310,11/14/12 12:00,11/14/12 12:00,3.03,25:57.1
939322,11/15/12 12:00,11/15/12 12:00,3,25:57.1
939336,11/16/12 12:00,11/16/12 12:00,2.88,25:57.1
939348,11/17/12 12:00,11/17/12 12:00,2.8,25:57.1
939360,11/18/12 12:00,11/18/12 12:00,2.72,25:57.1
939372,11/19/12 12:00,11/19/12 12:00,2.65,25:57.1
939384,11/20/12 12:00,11/20/12 12:00,2.54,25:57.1
939396,11/21/12 12:00,11/21/12 12:00,2.4,25:57.1
939408,11/22/12 12:00,11/22/12 12:00,2.36,25:57.1
939420,11/23/12 12:00,11/23/12 12:00,2.36,25:57.1
939432,11/24/12 12:00,11/24/12 12:00,2.3,25:57.1
939444,11/25/12 12:00,11/25/12 12:00,2.3,25:57.1
939456,11/26/12 12:00,11/26/12 12:00,2.14,25:57.1
939468,11/27/12 12:00,11/27/12 12:00,2,25:57.1
939480,11/28/12 12:00,11/28/12 12:00,2,25:57.1
939494,11/29/12 12:00,11/29/12 12:00,1.88,25:57.1
939505,11/30/12 12:00,11/30/12 12:00,2.02,25:57.1
939153,12/1/12 12:00,12/1/12 12:00,2.02,25:57.1
939165,12/2/12 12:00,12/2/12 12:00,1.95,25:57.1
939179,12/3/12 12:00,12/3/12 12:00,1.8,25:57.1
939191,12/4/12 12:00,12/4/12 12:00,1.8,25:57.1
939203,12/5/12 12:00,12/5/12 12:00,1.8,25:57.1
939215,12/6/12 12:00,12/6/12 12:00,1.88,25:57.1
939227,12/7/12 12:00,12/7/12 12:00,2.02,25:57.1
939239,12/8/12 12:00,12/8/12 12:00,2.02,25:57.1
939251,12/9/12 12:00,12/9/12 12:00,2.11,25:57.1
939263,12/10/12 12:00,12/10/12 12:00,2.17,25:57.1
939275,12/11/12 12:00,12/11/12 12:00,2.08,25:57.1
939287,12/12/12 12:00,12/12/12 12:00,2.12,25:57.1
939299,12/13/12 12:00,12/13/12 12:00,2.12,25:57.1
939311,12/14/12 12:00,12/14/12 12:00,2.1,25:57.1
939323,12/15/12 12:00,12/15/12 12:00,2.12,25:57.1
939337,12/16/12 12:00,12/16/12 12:00,2.14,25:57.1
939349,12/17/12 12:00,12/17/12 12:00,2.1,25:57.1
939361,12/18/12 12:00,12/18/12 12:00,2.17,25:57.1
939373,12/19/12 12:00,12/19/12 12:00,2.58,25:57.1
939385,12/20/12 12:00,12/20/12 12:00,2.58,25:57.1
939397,12/21/12 12:00,12/21/12 12:00,3.02,25:57.1
939409,12/22/12 12:00,12/22/12 12:00,3.2,25:57.1
939421,12/23/12 12:00,12/23/12 12:00,3.22,25:57.1
939433,12/24/12 12:00,12/24/12 12:00,3.11,25:57.1
939445,12/25/12 12:00,12/25/12 12:00,3.08,25:57.1
939457,12/26/12 12:00,12/26/12 12:00,2.98,25:57.1
939469,12/27/12 12:00,12/27/12 12:00,2.98,25:57.1
939481,12/28/12 12:00,12/28/12 12:00,3.04,25:57.1
939495,12/29/12 12:00,12/29/12 12:00,3.04,25:57.1
939506,12/30/12 12:00,12/30/12 12:00,3.03,25:57.1
939513,12/31/12 12:00,12/31/12 12:00,3,25:57.1
1119534,1/1/13 04:00,1/1/13 04:00,2.97,25:57.1
1119690,1/2/13 04:00,1/2/13 04:00,2.98,25:57.1
1119846,1/3/13 04:00,1/3/13 04:00,2.91,25:57.1
1131286,1/4/13 04:00,1/4/13 04:00,2.86,25:57.1
1131305,1/5/13 04:00,1/5/13 04:00,2.86,25:57.1
1131461,1/6/13 04:00,1/6/13 04:00,2.78,25:57.1
1131617,1/7/13 04:00,1/7/13 04:00,2.68,25:57.1
1131773,1/8/13 04:00,1/8/13 04:00,2.6,25:57.1
1131929,1/9/13 04:00,1/9/13 04:00,2.62,25:57.1
1132085,1/10/13 04:00,1/10/13 04:00,2.62,25:57.1
1132241,1/11/13 04:00,1/11/13 04:00,2.62,25:57.1
1132397,1/12/13 04:00,1/12/13 04:00,2.63,25:57.1
1132553,1/13/13 04:00,1/13/13 04:00,2.59,25:57.1
1132709,1/14/13 04:00,1/14/13 04:00,2.57,25:57.1
1132865,1/15/13 04:00,1/15/13 04:00,2.59,25:57.1
1133021,1/16/13 04:00,1/16/13 04:00,2.62,25:57.1
1133177,1/17/13 04:00,1/17/13 04:00,2.73,25:57.1
1133333,1/18/13 04:00,1/18/13 04:00,2.73,25:57.1
1133489,1/19/13 04:00,1/19/13 04:00,2.76,25:57.1
1133645,1/20/13 04:00,1/20/13 04:00,2.82,25:57.1
1133801,1/21/13 04:00,1/21/13 04:00,2.92,25:57.1
1133957,1/22/13 04:00,1/22/13 04:00,2.92,25:57.1
1134113,1/23/13 04:00,1/23/13 04:00,2.93,25:57.1
1134269,1/24/13 04:00,1/24/13 04:00,2.87,25:57.1
1134425,1/25/13 04:00,1/25/13 04:00,2.87,25:57.1
1134581,1/26/13 04:00,1/26/13 04:00,2.8,25:57.1
1134737,1/27/13 04:00,1/27/13 04:00,2.85,25:57.1
1134893,1/28/13 04:00,1/28/13 04:00,2.77,25:57.1
1135049,1/29/13 04:00,1/29/13 04:00,2.65,25:57.1
1135205,1/30/13 04:00,1/30/13 04:00,2.65,25:57.1
1135361,1/31/13 04:00,1/31/13 04:00,2.56,25:57.1
1135517,2/1/13 04:00,2/1/13 04:00,2.51,25:57.1
1135673,2/2/13 04:00,2/2/13 04:00,2.5,25:57.1
1135829,2/3/13 04:00,2/3/13 04:00,2.49,25:57.1
1135985,2/4/13 04:00,2/4/13 04:00,2.47,25:57.1
1136141,2/5/13 04:00,2/5/13 04:00,2.46,25:57.1
1136297,2/6/13 04:00,2/6/13 04:00,2.32,25:57.1
1136453,2/7/13 04:00,2/7/13 04:00,2.32,25:57.1
1136609,2/8/13 04:00,2/8/13 04:00,2.23,25:57.1
1136765,2/9/13 04:00,2/9/13 04:00,2.14,25:57.1
1136921,2/10/13 04:00,2/10/13 04:00,2.08,25:57.1
1137077,2/11/13 04:00,2/11/13 04:00,1.97,25:57.1
1137233,2/12/13 04:00,2/12/13 04:00,1.9,25:57.1
1137389,2/13/13 04:00,2/13/13 04:00,1.59,25:57.1
1146940,2/14/13 04:00,2/14/13 04:00,1.56,25:57.1
1146964,2/15/13 04:00,2/15/13 04:00,1.56,25:57.1
1147120,2/16/13 04:00,2/16/13 04:00,1.6,25:57.1
1147276,2/17/13 04:00,2/17/13 04:00,1.64,25:57.1
1147432,2/18/13 04:00,2/18/13 04:00,1.66,25:57.1
1147588,2/19/13 04:00,2/19/13 04:00,1.93,25:57.1
1147744,2/20/13 04:00,2/20/13 04:00,1.93,25:57.1
1147900,2/21/13 04:00,2/21/13 04:00,1.93,25:57.1
1148056,2/22/13 04:00,2/22/13 04:00,1.95,25:57.1
1148212,2/23/13 04:00,2/23/13 04:00,2.08,25:57.1
1148368,2/24/13 04:00,2/24/13 04:00,2.08,25:57.1
1148524,2/25/13 04:00,2/25/13 04:00,2.1,25:57.1
1148680,2/26/13 04:00,2/26/13 04:00,2.12,25:57.1
1148836,2/27/13 04:00,2/27/13 04:00,2.26,25:57.1
1148992,2/28/13 04:00,2/28/13 04:00,2.42,25:57.1
1149148,3/1/13 04:00,3/1/13 04:00,2.52,25:57.1
1149304,3/2/13 04:00,3/2/13 04:00,2.58,25:57.1
1149460,3/3/13 04:00,3/3/13 04:00,2.65,25:57.1
1149616,3/4/13 04:00,3/4/13 04:00,2.67,25:57.1
1149772,3/5/13 04:00,3/5/13 04:00,2.78,25:57.1
1149928,3/6/13 04:00,3/6/13 04:00,2.78,25:57.1
1150084,3/7/13 04:00,3/7/13 04:00,2.82,25:57.1
1150240,3/8/13 04:00,3/8/13 04:00,2.82,25:57.1
1150396,3/9/13 04:00,3/9/13 04:00,2.86,25:57.1
1150552,3/10/13 04:00,3/10/13 04:00,2.9,25:57.1
1150708,3/11/13 04:00,3/11/13 04:00,2.92,25:57.1
1150864,3/12/13 04:00,3/12/13 04:00,2.9,25:57.1
1168699,3/13/13 04:00,3/13/13 04:00,2.95,25:57.1
1168760,3/14/13 04:00,3/14/13 04:00,2.97,25:57.1
1168916,3/15/13 04:00,3/15/13 04:00,2.99,25:57.1
1205063,3/16/13 04:00,3/16/13 04:00,3.02,25:57.1
1205181,3/17/13 04:00,3/17/13 04:00,3.02,25:57.1
1205337,3/18/13 04:00,3/18/13 04:00,3.05,25:57.1
1205493,3/19/13 04:00,3/19/13 04:00,3.1,25:57.1
1205649,3/20/13 04:00,3/20/13 04:00,3.13,25:57.1
1205805,3/21/13 04:00,3/21/13 04:00,3.33,25:57.1
1205961,3/22/13 04:00,3/22/13 04:00,3.19,25:57.1
1206117,3/23/13 04:00,3/23/13 04:00,3.22,25:57.1
1206273,3/24/13 04:00,3/24/13 04:00,3.3,25:57.1
1206429,3/25/13 04:00,3/25/13 04:00,3.33,25:57.1
1240330,3/26/13 04:00,3/26/13 04:00,3.38,25:57.1
1240456,3/27/13 04:00,3/27/13 04:00,3.36,25:57.1
1240582,3/28/13 04:00,3/28/13 04:00,3.38,25:57.1
1240958,3/29/13 04:00,3/29/13 04:00,3.39,25:57.1
1241084,3/30/13 04:00,3/30/13 04:00,3.42,25:57.1
1241210,3/31/13 04:00,3/31/13 04:00,3.43,25:57.1
1241336,4/1/13 04:00,4/1/13 04:00,3.42,25:57.1
1241462,4/2/13 04:00,4/2/13 04:00,3.43,25:57.1
1241588,4/3/13 04:00,4/3/13 04:00,3.42,25:57.1
1119222,4/4/13 04:00,4/4/13 04:00,3.44,25:57.1
1241714,4/5/13 04:00,4/5/13 04:00,3.42,25:57.1
1241965,4/6/13 04:00,4/6/13 04:00,3.42,25:57.1
1242090,4/7/13 04:00,4/7/13 04:00,3.38,25:57.1
1242215,4/8/13 04:00,4/8/13 04:00,3.34,25:57.1
1242340,4/9/13 04:00,4/9/13 04:00,3.35,25:57.1
1242465,4/10/13 04:00,4/10/13 04:00,3.35,25:57.1
1242590,4/11/13 04:00,4/11/13 04:00,3.32,25:57.1
1242715,4/12/13 04:00,4/12/13 04:00,3.3,25:57.1
1242840,4/13/13 04:00,4/13/13 04:00,3.33,25:57.1
1242965,4/14/13 04:00,4/14/13 04:00,3.34,25:57.1
1243090,4/15/13 04:00,4/15/13 04:00,3.37,25:57.1
1243215,4/16/13 04:00,4/16/13 04:00,3.39,25:57.1
1243461,4/17/13 04:00,4/17/13 04:00,3.39,25:57.1
1243577,4/18/13 04:00,4/18/13 04:00,3.41,25:57.1
1243701,4/19/13 04:00,4/19/13 04:00,3.41,25:57.1
1243825,4/20/13 04:00,4/20/13 04:00,3.42,25:57.1
1252442,4/21/13 04:00,4/21/13 04:00,3.4,25:57.1
1252468,4/22/13 04:00,4/22/13 04:00,3.41,25:57.1
1252613,4/23/13 04:00,4/23/13 04:00,3.44,25:57.1
1253365,4/24/13 04:00,4/24/13 04:00,3.46,25:57.1
1254490,4/25/13 04:00,4/25/13 04:00,3.46,25:57.1
1254865,4/26/13 04:00,4/26/13 04:00,3.48,25:57.1
1255491,4/27/13 04:00,4/27/13 04:00,3.49,25:57.1
1255618,4/28/13 04:00,4/28/13 04:00,3.52,25:57.1
1255744,4/29/13 04:00,4/29/13 04:00,3.53,25:57.1
1256249,4/30/13 04:00,4/30/13 04:00,3.54,25:57.1
1256626,5/1/13 04:00,5/1/13 04:00,3.56,25:57.1
1256763,5/2/13 04:00,5/2/13 04:00,3.59,25:57.1
1256896,5/3/13 04:00,5/3/13 04:00,3.61,25:57.1
1257278,5/4/13 04:00,5/4/13 04:00,3.67,25:57.1
1257659,5/5/13 04:00,5/5/13 04:00,3.72,25:57.1
1258169,5/6/13 04:00,5/6/13 04:00,3.75,25:57.1
1258297,5/7/13 04:00,5/7/13 04:00,3.79,25:57.1
1258424,5/8/13 04:00,5/8/13 04:00,3.75,25:57.1
678748,5/9/13 04:00,5/9/13 04:00,3.75,25:57.1
678890,5/10/13 04:00,5/10/13 04:00,3.75,25:57.1
679045,5/11/13 04:00,5/11/13 04:00,3.75,25:57.1
679200,5/12/13 04:00,5/12/13 04:00,3.7,25:57.1
679355,5/13/13 04:00,5/13/13 04:00,3.69,25:57.1
679510,5/14/13 04:00,5/14/13 04:00,3.7,25:57.1
679665,5/15/13 04:00,5/15/13 04:00,3.67,25:57.1
679820,5/16/13 04:00,5/16/13 04:00,3.63,25:57.1
679975,5/17/13 04:00,5/17/13 04:00,3.61,25:57.1
680130,5/18/13 04:00,5/18/13 04:00,3.6,25:57.1
680285,5/19/13 04:00,5/19/13 04:00,3.58,25:57.1
680440,5/20/13 04:00,5/20/13 04:00,3.53,25:57.1
680595,5/21/13 04:00,5/21/13 04:00,3.5,25:57.1
680750,5/22/13 04:00,5/22/13 04:00,3.48,25:57.1
680905,5/23/13 04:00,5/23/13 04:00,3.43,25:57.1
681060,5/24/13 04:00,5/24/13 04:00,3.41,25:57.1
681111,5/25/13 04:00,5/25/13 04:00,3.41,25:57.1
681351,5/26/13 04:00,5/26/13 04:00,3.38,25:57.1
681496,5/27/13 04:00,5/27/13 04:00,3.41,25:57.1
681561,5/28/13 04:00,5/28/13 04:00,3.43,25:57.1
681767,5/29/13 04:00,5/29/13 04:00,3.42,25:57.1
681862,5/30/13 04:00,5/30/13 04:00,3.42,25:57.1
681956,5/31/13 04:00,5/31/13 04:00,3.39,25:57.1
682044,6/1/13 04:00,6/1/13 04:00,3.42,25:57.1
682234,6/2/13 04:00,6/2/13 04:00,3.43,25:57.1
682327,6/3/13 04:00,6/3/13 04:00,3.4,25:57.1
682414,6/4/13 04:00,6/4/13 04:00,3.4,25:57.1
682602,6/5/13 04:00,6/5/13 04:00,3.38,25:57.1
682690,6/6/13 04:00,6/6/13 04:00,3.33,25:57.1
682790,6/7/13 04:00,6/7/13 04:00,3.33,25:57.1
682990,6/8/13 04:00,6/8/13 04:00,3.34,25:57.1
683090,6/9/13 04:00,6/9/13 04:00,3.34,25:57.1
683190,6/10/13 04:00,6/10/13 04:00,3.33,25:57.1
683290,6/11/13 04:00,6/11/13 04:00,3.33,25:57.1
683490,6/12/13 04:00,6/12/13 04:00,3.32,25:57.1
683590,6/13/13 04:00,6/13/13 04:00,3.31,25:57.1
683690,6/14/13 04:00,6/14/13 04:00,3.32,25:57.1
683890,6/15/13 04:00,6/15/13 04:00,3.32,25:57.1
683990,6/16/13 04:00,6/16/13 04:00,3.4,25:57.1
684090,6/17/13 04:00,6/17/13 04:00,3.4,25:57.1
684290,6/18/13 04:00,6/18/13 04:00,3.42,25:57.1
684390,6/19/13 04:00,6/19/13 04:00,3.4,25:57.1
684490,6/20/13 04:00,6/20/13 04:00,3.36,25:57.1
684590,6/21/13 04:00,6/21/13 04:00,3.39,25:57.1
684790,6/22/13 04:00,6/22/13 04:00,3.42,25:57.1
684890,6/23/13 04:00,6/23/13 04:00,3.42,25:57.1
684990,6/24/13 04:00,6/24/13 04:00,3.39,25:57.1
685190,6/25/13 04:00,6/25/13 04:00,3.43,25:57.1
685290,6/26/13 04:00,6/26/13 04:00,3.44,25:57.1
685390,6/27/13 04:00,6/27/13 04:00,3.42,25:57.1
685590,6/28/13 04:00,6/28/13 04:00,3.41,25:57.1
685691,6/29/13 04:00,6/29/13 04:00,3.41,25:57.1
685791,6/30/13 04:00,6/30/13 04:00,3.41,25:57.1
685890,7/1/13 04:00,7/1/13 04:00,3.41,25:57.1
686035,7/2/13 04:00,7/2/13 04:00,3.42,25:57.1
686038,7/3/13 04:00,7/3/13 04:00,3.49,25:57.1
686041,7/4/13 04:00,7/4/13 04:00,3.52,25:57.1
686045,7/5/13 04:00,7/5/13 04:00,3.52,25:57.1
686127,7/6/13 04:00,7/6/13 04:00,3.54,25:57.1
686227,7/7/13 04:00,7/7/13 04:00,3.6,25:57.1
686427,7/8/13 04:00,7/8/13 04:00,3.62,25:57.1
686527,7/9/13 04:00,7/9/13 04:00,3.69,25:57.1
686627,7/10/13 04:00,7/10/13 04:00,3.77,25:57.1
686727,7/11/13 04:00,7/11/13 04:00,3.82,25:57.1
686927,7/12/13 04:00,7/12/13 04:00,3.86,25:57.1
687027,7/13/13 04:00,7/13/13 04:00,3.87,25:57.1
687127,7/14/13 04:00,7/14/13 04:00,3.92,25:57.1
687327,7/15/13 04:00,7/15/13 04:00,3.96,25:57.1
687427,7/16/13 04:00,7/16/13 04:00,4,25:57.1
687527,7/17/13 04:00,7/17/13 04:00,4.03,25:57.1
687727,7/18/13 04:00,7/18/13 04:00,4.06,25:57.1
1119378,7/19/13 04:00,7/19/13 04:00,4.09,25:57.1
687827,7/20/13 04:00,7/20/13 04:00,4.11,25:57.1
687926,7/21/13 04:00,7/21/13 04:00,4.21,25:57.1
688026,7/22/13 04:00,7/22/13 04:00,4.23,25:57.1
1119066,7/23/13 04:00,7/23/13 04:00,4.27,25:57.1
688226,7/24/13 04:00,7/24/13 04:00,4.34,25:57.1
1118910,7/25/13 04:00,7/25/13 04:00,4.41,25:57.1
1118754,7/26/13 04:00,7/26/13 04:00,4.48,25:57.1
915442,7/27/13 04:00,7/27/13 04:00,4.53,25:57.1
915598,7/28/13 04:00,7/28/13 04:00,4.54,25:57.1
915754,7/29/13 04:00,7/29/13 04:00,4.6,25:57.1
915910,7/30/13 04:00,7/30/13 04:00,4.61,25:57.1
916066,7/31/13 04:00,7/31/13 04:00,4.62,25:57.1
916222,8/1/13 04:00,8/1/13 04:00,4.62,25:57.1
916378,8/2/13 04:00,8/2/13 04:00,4.58,25:57.1
916534,8/3/13 04:00,8/3/13 04:00,4.57,25:57.1
916690,8/4/13 04:00,8/4/13 04:00,4.58,25:57.1
916846,8/5/13 04:00,8/5/13 04:00,4.56,25:57.1
917002,8/6/13 04:00,8/6/13 04:00,4.55,25:57.1
917158,8/7/13 04:00,8/7/13 04:00,4.51,25:57.1
917314,8/8/13 04:00,8/8/13 04:00,4.44,25:57.1
917470,8/9/13 04:00,8/9/13 04:00,4.44,25:57.1
917626,8/10/13 04:00,8/10/13 04:00,4.37,25:57.1
917782,8/11/13 04:00,8/11/13 04:00,4.4,25:57.1
917938,8/12/13 04:00,8/12/13 04:00,4.4,25:57.1
918094,8/13/13 04:00,8/13/13 04:00,4.44,25:57.1
919140,8/14/13 04:00,8/14/13 04:00,4.3,25:57.1
919284,8/15/13 04:00,8/15/13 04:00,4.3,25:57.1
919440,8/16/13 04:00,8/16/13 04:00,4.3,25:57.1
919596,8/17/13 04:00,8/17/13 04:00,4.3,25:57.1
919752,8/18/13 04:00,8/18/13 04:00,4.25,25:57.1
919908,8/19/13 04:00,8/19/13 04:00,4.2,25:57.1
920064,8/20/13 04:00,8/20/13 04:00,4.18,25:57.1
920220,8/21/13 04:00,8/21/13 04:00,4.06,25:57.1
920376,8/22/13 04:00,8/22/13 04:00,4.06,25:57.1
920532,8/23/13 04:00,8/23/13 04:00,4,25:57.1
920688,8/24/13 04:00,8/24/13 04:00,3.94,25:57.1
920844,8/25/13 04:00,8/25/13 04:00,3.91,25:57.1
921000,8/26/13 04:00,8/26/13 04:00,3.88,25:57.1
921156,8/27/13 04:00,8/27/13 04:00,3.84,25:57.1
921312,8/28/13 04:00,8/28/13 04:00,3.74,25:57.1
921468,8/29/13 04:00,8/29/13 04:00,3.74,25:57.1
921624,8/30/13 04:00,8/30/13 04:00,3.57,25:57.1
921780,8/31/13 04:00,8/31/13 04:00,3.57,25:57.1
921936,9/1/13 04:00,9/1/13 04:00,3.53,25:57.1
922092,9/2/13 04:00,9/2/13 04:00,3.38,25:57.1
922248,9/3/13 04:00,9/3/13 04:00,3.38,25:57.1
922404,9/4/13 04:00,9/4/13 04:00,3.32,25:57.1
922560,9/5/13 04:00,9/5/13 04:00,3.26,25:57.1
922716,9/6/13 04:00,9/6/13 04:00,3.22,25:57.1
922872,9/7/13 04:00,9/7/13 04:00,3.1,25:57.1
923028,9/8/13 04:00,9/8/13 04:00,3.1,25:57.1
923184,9/9/13 04:00,9/9/13 04:00,3.01,25:57.1
923340,9/10/13 04:00,9/10/13 04:00,2.99,25:57.1
923496,9/11/13 04:00,9/11/13 04:00,2.99,25:57.1
923652,9/12/13 04:00,9/12/13 04:00,2.93,25:57.1
923808,9/13/13 04:00,9/13/13 04:00,2.87,25:57.1
923964,9/14/13 04:00,9/14/13 04:00,2.83,25:57.1
924120,9/15/13 04:00,9/15/13 04:00,2.81,25:57.1
924276,9/16/13 04:00,9/16/13 04:00,2.87,25:57.1
924432,9/17/13 04:00,9/17/13 04:00,2.86,25:57.1
924588,9/18/13 04:00,9/18/13 04:00,2.87,25:57.1
924744,9/19/13 04:00,9/19/13 04:00,2.87,25:57.1
924900,9/20/13 04:00,9/20/13 04:00,2.81,25:57.1
925056,9/21/13 04:00,9/21/13 04:00,2.78,25:57.1
925212,9/22/13 04:00,9/22/13 04:00,2.67,25:57.1
925368,9/23/13 04:00,9/23/13 04:00,2.58,25:57.1
925524,9/24/13 04:00,9/24/13 04:00,2.58,25:57.1
925680,9/25/13 04:00,9/25/13 04:00,2.6,25:57.1
925836,9/26/13 04:00,9/26/13 04:00,2.58,25:57.1
925992,9/27/13 04:00,9/27/13 04:00,2.58,25:57.1
926148,9/28/13 04:00,9/28/13 04:00,2.55,25:57.1
926304,9/29/13 04:00,9/29/13 04:00,2.52,25:57.1
926460,9/30/13 04:00,9/30/13 04:00,2.44,25:57.1
926616,10/1/13 04:00,10/1/13 04:00,2.44,25:57.1
926772,10/2/13 04:00,10/2/13 04:00,2.39,25:57.1
926928,10/3/13 04:00,10/3/13 04:00,2.37,25:57.1
927084,10/4/13 04:00,10/4/13 04:00,2.39,25:57.1
927240,10/5/13 04:00,10/5/13 04:00,2.39,25:57.1
927396,10/6/13 04:00,10/6/13 04:00,2.39,25:57.1
927552,10/7/13 04:00,10/7/13 04:00,2.42,25:57.1
927708,10/8/13 04:00,10/8/13 04:00,2.42,25:57.1
927864,10/9/13 04:00,10/9/13 04:00,2.42,25:57.1
928020,10/10/13 04:00,10/10/13 04:00,2.42,25:57.1
928176,10/11/13 04:00,10/11/13 04:00,2.42,25:57.1
928332,10/12/13 04:00,10/12/13 04:00,2.48,25:57.1
928488,10/13/13 04:00,10/13/13 04:00,2.59,25:57.1
928644,10/14/13 04:00,10/14/13 04:00,2.66,25:57.1
928800,10/15/13 04:00,10/15/13 04:00,2.66,25:57.1
928956,10/16/13 04:00,10/16/13 04:00,2.56,25:57.1
929112,10/17/13 04:00,10/17/13 04:00,2.56,25:57.1
929268,10/18/13 04:00,10/18/13 04:00,2.52,25:57.1
929424,10/19/13 04:00,10/19/13 04:00,2.52,25:57.1
929580,10/20/13 04:00,10/20/13 04:00,2.49,25:57.1
929736,10/21/13 04:00,10/21/13 04:00,2.49,25:57.1
929892,10/22/13 04:00,10/22/13 04:00,2.47,25:57.1
930048,10/23/13 04:00,10/23/13 04:00,2.5,25:57.1
930204,10/24/13 04:00,10/24/13 04:00,2.58,25:57.1
930360,10/25/13 04:00,10/25/13 04:00,2.57,25:57.1
930516,10/26/13 04:00,10/26/13 04:00,2.57,25:57.1
930672,10/27/13 04:00,10/27/13 04:00,2.64,25:57.1
930828,10/28/13 04:00,10/28/13 04:00,2.62,25:57.1
930984,10/29/13 04:00,10/29/13 04:00,2.7,25:57.1
931140,10/30/13 04:00,10/30/13 04:00,2.7,25:57.1
931296,10/31/13 04:00,10/31/13 04:00,2.72,25:57.1
931452,11/1/13 04:00,11/1/13 04:00,2.72,25:57.1
931608,11/2/13 04:00,11/2/13 04:00,2.8,25:57.1
931764,11/3/13 04:00,11/3/13 04:00,3.04,25:57.1
931920,11/4/13 04:00,11/4/13 04:00,3.12,25:57.1
932076,11/5/13 04:00,11/5/13 04:00,3.19,25:57.1
932232,11/6/13 04:00,11/6/13 04:00,3.17,25:57.1
932388,11/7/13 04:00,11/7/13 04:00,3.17,25:57.1
932544,11/8/13 04:00,11/8/13 04:00,3.13,25:57.1
932700,11/9/13 04:00,11/9/13 04:00,3.16,25:57.1
932856,11/10/13 04:00,11/10/13 04:00,3.16,25:57.1
933012,11/11/13 04:00,11/11/13 04:00,3.17,25:57.1
933168,11/12/13 04:00,11/12/13 04:00,3.19,25:57.1
933324,11/13/13 04:00,11/13/13 04:00,3.19,25:57.1
933480,11/14/13 04:00,11/14/13 04:00,3.19,25:57.1
933636,11/15/13 04:00,11/15/13 04:00,3.22,25:57.1
933792,11/16/13 04:00,11/16/13 04:00,3.22,25:57.1
933948,11/17/13 04:00,11/17/13 04:00,3.16,25:57.1
934104,11/18/13 04:00,11/18/13 04:00,3.25,25:57.1
934260,11/19/13 04:00,11/19/13 04:00,3.25,25:57.1
934416,11/20/13 04:00,11/20/13 04:00,3.25,25:57.1
934572,11/21/13 04:00,11/21/13 04:00,3.25,25:57.1
934728,11/22/13 04:00,11/22/13 04:00,3.25,25:57.1
934884,11/23/13 04:00,11/23/13 04:00,3.24,25:57.1
935040,11/24/13 04:00,11/24/13 04:00,3.22,25:57.1
935196,11/25/13 04:00,11/25/13 04:00,3.13,25:57.1
935352,11/26/13 04:00,11/26/13 04:00,3.12,25:57.1
935508,11/27/13 04:00,11/27/13 04:00,3.09,25:57.1
935664,11/28/13 04:00,11/28/13 04:00,3.19,25:57.1
935820,11/29/13 04:00,11/29/13 04:00,3.24,25:57.1
935976,11/30/13 04:00,11/30/13 04:00,3.23,25:57.1
936132,12/1/13 04:00,12/1/13 04:00,3.23,25:57.1
936288,12/2/13 04:00,12/2/13 04:00,3.23,25:57.1
936444,12/3/13 04:00,12/3/13 04:00,3.19,25:57.1
936600,12/4/13 04:00,12/4/13 04:00,3.15,25:57.1
936756,12/5/13 04:00,12/5/13 04:00,3.1,25:57.1
936912,12/6/13 04:00,12/6/13 04:00,3.1,25:57.1
937068,12/7/13 04:00,12/7/13 04:00,3.1,25:57.1
937224,12/8/13 04:00,12/8/13 04:00,3.02,25:57.1
937380,12/9/13 04:00,12/9/13 04:00,3,25:57.1
937536,12/10/13 04:00,12/10/13 04:00,3,25:57.1
937692,12/11/13 04:00,12/11/13 04:00,2.98,25:57.1
937848,12/12/13 04:00,12/12/13 04:00,2.98,25:57.1
938004,12/13/13 04:00,12/13/13 04:00,2.92,25:57.1
938149,12/14/13 04:00,12/14/13 04:00,2.92,25:57.1
938273,12/15/13 04:00,12/15/13 04:00,2.89,25:57.1
938397,12/16/13 04:00,12/16/13 04:00,2.89,25:57.1
938549,12/17/13 04:00,12/17/13 04:00,2.88,25:57.1
938705,12/18/13 04:00,12/18/13 04:00,2.88,25:57.1
938861,12/19/13 04:00,12/19/13 04:00,2.86,25:57.1
915286,12/20/13 04:00,12/20/13 04:00,2.86,25:57.1
914662,12/21/13 04:00,12/21/13 04:00,2.92,25:57.1
914818,12/22/13 04:00,12/22/13 04:00,2.88,25:57.1
914974,12/23/13 04:00,12/23/13 04:00,2.78,25:57.1
915130,12/24/13 04:00,12/24/13 04:00,2.78,25:57.1
939017,12/25/13 04:00,12/25/13 04:00,2.71,25:57.1
939173,12/26/13 04:00,12/26/13 04:00,2.71,25:57.1
939329,12/27/13 04:00,12/27/13 04:00,2.6,25:57.1
939485,12/28/13 04:00,12/28/13 04:00,2.57,25:57.1
939641,12/29/13 04:00,12/29/13 04:00,2.54,25:57.1
939797,12/30/13 04:00,12/30/13 04:00,2.48,25:57.1
939953,12/31/13 04:00,12/31/13 04:00,2.48,25:57.1
682045,1/1/14 04:00,1/1/14 04:00,2.46,25:57.1
682235,1/2/14 04:00,1/2/14 04:00,2.46,25:57.1
682328,1/3/14 04:00,1/3/14 04:00,2.48,25:57.1
682415,1/4/14 04:00,1/4/14 04:00,2.5,25:57.1
682603,1/5/14 04:00,1/5/14 04:00,2.54,25:57.1
682691,1/6/14 04:00,1/6/14 04:00,2.5,25:57.1
682791,1/7/14 04:00,1/7/14 04:00,2.41,25:57.1
682991,1/8/14 04:00,1/8/14 04:00,2.32,25:57.1
683091,1/9/14 04:00,1/9/14 04:00,2.2,25:57.1
683191,1/10/14 04:00,1/10/14 04:00,2.16,25:57.1
683291,1/11/14 04:00,1/11/14 04:00,2.16,25:57.1
683491,1/12/14 04:00,1/12/14 04:00,2.1,25:57.1
683591,1/13/14 04:00,1/13/14 04:00,2.22,25:57.1
683691,1/14/14 04:00,1/14/14 04:00,2.3,25:57.1
683891,1/15/14 04:00,1/15/14 04:00,2.32,25:57.1
683991,1/16/14 04:00,1/16/14 04:00,2.3,25:57.1
684091,1/17/14 04:00,1/17/14 04:00,2.3,25:57.1
684291,1/18/14 04:00,1/18/14 04:00,2.34,25:57.1
684391,1/19/14 04:00,1/19/14 04:00,2.4,25:57.1
684491,1/20/14 04:00,1/20/14 04:00,2.5,25:57.1
684591,1/21/14 04:00,1/21/14 04:00,2.5,25:57.1
684791,1/22/14 04:00,1/22/14 04:00,2.56,25:57.1
684891,1/23/14 04:00,1/23/14 04:00,2.51,25:57.1
684991,1/24/14 04:00,1/24/14 04:00,2.52,25:57.1
685191,1/25/14 04:00,1/25/14 04:00,2.52,25:57.1
685291,1/26/14 04:00,1/26/14 04:00,2.53,25:57.1
685391,1/27/14 04:00,1/27/14 04:00,2.62,25:57.1
685591,1/28/14 04:00,1/28/14 04:00,2.55,25:57.1
685692,1/29/14 04:00,1/29/14 04:00,2.55,25:57.1
685792,1/30/14 04:00,1/30/14 04:00,2.55,25:57.1
685891,1/31/14 04:00,1/31/14 04:00,2.6,25:57.1
686036,2/1/14 04:00,2/1/14 04:00,2.6,25:57.1
681866,2/2/14 04:00,2/2/14 04:00,2.63,25:57.1
686042,2/3/14 04:00,2/3/14 04:00,2.98,25:57.1
686046,2/4/14 04:00,2/4/14 04:00,2.98,25:57.1
686128,2/5/14 04:00,2/5/14 04:00,3.2,25:57.1
686228,2/6/14 04:00,2/6/14 04:00,3.23,25:57.1
686428,2/7/14 04:00,2/7/14 04:00,3.26,25:57.1
686528,2/8/14 04:00,2/8/14 04:00,3.37,25:57.1
686628,2/9/14 04:00,2/9/14 04:00,3.39,25:57.1
686728,2/10/14 04:00,2/10/14 04:00,3.35,25:57.1
686928,2/11/14 04:00,2/11/14 04:00,3.31,25:57.1
687028,2/12/14 04:00,2/12/14 04:00,3.33,25:57.1
687128,2/13/14 04:00,2/13/14 04:00,3.37,25:57.1
687328,2/14/14 04:00,2/14/14 04:00,3.37,25:57.1
687428,2/15/14 04:00,2/15/14 04:00,3.37,25:57.1
687528,2/16/14 04:00,2/16/14 04:00,3.35,25:57.1
687728,2/17/14 04:00,2/17/14 04:00,3.34,25:57.1
687828,2/18/14 04:00,2/18/14 04:00,3.28,25:57.1
687927,2/19/14 04:00,2/19/14 04:00,3.22,25:57.1
688027,2/20/14 04:00,2/20/14 04:00,3.15,25:57.1
688227,2/21/14 04:00,2/21/14 04:00,3.08,25:57.1
688327,2/22/14 04:00,2/22/14 04:00,3.08,25:57.1
688427,2/23/14 04:00,2/23/14 04:00,3.02,25:57.1
688627,2/24/14 04:00,2/24/14 04:00,3.02,25:57.1
688727,2/25/14 04:00,2/25/14 04:00,2.98,25:57.1
688827,2/26/14 04:00,2/26/14 04:00,2.98,25:57.1
689027,2/27/14 04:00,2/27/14 04:00,2.98,25:57.1
689127,2/28/14 04:00,2/28/14 04:00,2.9,25:57.1
689227,3/1/14 04:00,3/1/14 04:00,2.86,25:57.1
689327,3/2/14 04:00,3/2/14 04:00,2.78,25:57.1
689527,3/3/14 04:00,3/3/14 04:00,2.72,25:57.1
689627,3/4/14 04:00,3/4/14 04:00,2.71,25:57.1
689727,3/5/14 04:00,3/5/14 04:00,2.72,25:57.1
689927,3/6/14 04:00,3/6/14 04:00,2.7,25:57.1
690027,3/7/14 04:00,3/7/14 04:00,2.67,25:57.1
690127,3/8/14 04:00,3/8/14 04:00,2.66,25:57.1
690327,3/9/14 04:00,3/9/14 04:00,2.67,25:57.1
690418,3/10/14 04:00,3/10/14 04:00,2.6,25:57.1
690516,3/11/14 04:00,3/11/14 04:00,2.6,25:57.1
690616,3/12/14 04:00,3/12/14 04:00,2.55,25:57.1
690816,3/13/14 04:00,3/13/14 04:00,2.5,25:57.1
690916,3/14/14 04:00,3/14/14 04:00,2.42,25:57.1
691016,3/15/14 04:00,3/15/14 04:00,2.4,25:57.1
691216,3/16/14 04:00,3/16/14 04:00,2.48,25:57.1
691316,3/17/14 04:00,3/17/14 04:00,2.5,25:57.1
691416,3/18/14 04:00,3/18/14 04:00,2.52,25:57.1
691616,3/19/14 04:00,3/19/14 04:00,2.41,25:57.1
691715,3/20/14 04:00,3/20/14 04:00,2.5,25:57.1
691815,3/21/14 04:00,3/21/14 04:00,2.5,25:57.1
691915,3/22/14 04:00,3/22/14 04:00,2.5,25:57.1
692115,3/23/14 04:00,3/23/14 04:00,2.46,25:57.1
692215,3/24/14 04:00,3/24/14 04:00,2.62,25:57.1
681957,3/25/14 04:00,3/25/14 04:00,2.7,25:57.1
692315,3/26/14 04:00,3/26/14 04:00,2.74,25:57.1
692515,3/27/14 04:00,3/27/14 04:00,2.8,25:57.1
692615,3/28/14 04:00,3/28/14 04:00,2.86,25:57.1
692715,3/29/14 04:00,3/29/14 04:00,2.93,25:57.1
692913,3/30/14 04:00,3/30/14 04:00,2.99,25:57.1
692999,3/31/14 04:00,3/31/14 04:00,3.04,25:57.1
693099,4/1/14 04:00,4/1/14 04:00,3.08,25:57.1
693199,4/2/14 04:00,4/2/14 04:00,3.17,25:57.1
693399,4/3/14 04:00,4/3/14 04:00,3.23,25:57.1
693499,4/4/14 04:00,4/4/14 04:00,3.29,25:57.1
693599,4/5/14 04:00,4/5/14 04:00,3.3,25:57.1
693799,4/6/14 04:00,4/6/14 04:00,3.28,25:57.1
693899,4/7/14 04:00,4/7/14 04:00,3.36,25:57.1
693999,4/8/14 04:00,4/8/14 04:00,3.52,25:57.1
694199,4/9/14 04:00,4/9/14 04:00,3.55,25:57.1
694299,4/10/14 04:00,4/10/14 04:00,3.62,25:57.1
694399,4/11/14 04:00,4/11/14 04:00,3.62,25:57.1
694499,4/12/14 04:00,4/12/14 04:00,3.66,25:57.1
694699,4/13/14 04:00,4/13/14 04:00,3.64,25:57.1
694799,4/14/14 04:00,4/14/14 04:00,3.66,25:57.1
694899,4/15/14 04:00,4/15/14 04:00,3.66,25:57.1
695099,4/16/14 04:00,4/16/14 04:00,3.73,25:57.1
695199,4/17/14 04:00,4/17/14 04:00,3.75,25:57.1
695299,4/18/14 04:00,4/18/14 04:00,3.75,25:57.1
695499,4/19/14 04:00,4/19/14 04:00,3.75,25:57.1
695599,4/20/14 04:00,4/20/14 04:00,3.8,25:57.1
695699,4/21/14 04:00,4/21/14 04:00,3.8,25:57.1
695799,4/22/14 04:00,4/22/14 04:00,3.81,25:57.1
695999,4/23/14 04:00,4/23/14 04:00,3.81,25:57.1
696099,4/24/14 04:00,4/24/14 04:00,3.81,25:57.1
696193,4/25/14 04:00,4/25/14 04:00,3.81,25:57.1
696393,4/26/14 04:00,4/26/14 04:00,3.8,25:57.1
696493,4/27/14 04:00,4/27/14 04:00,3.8,25:57.1
901775,4/28/14 04:00,4/28/14 04:00,3.75,25:57.1
901778,4/29/14 04:00,4/29/14 04:00,3.75,25:57.1
901955,4/30/14 04:00,4/30/14 04:00,3.73,25:57.1
902055,5/1/14 04:00,5/1/14 04:00,3.73,25:57.1
902155,5/2/14 04:00,5/2/14 04:00,3.73,25:57.1
902355,5/3/14 04:00,5/3/14 04:00,3.74,25:57.1
902455,5/4/14 04:00,5/4/14 04:00,3.71,25:57.1
902555,5/5/14 04:00,5/5/14 04:00,3.7,25:57.1
902751,5/6/14 04:00,5/6/14 04:00,3.67,25:57.1
902851,5/7/14 04:00,5/7/14 04:00,3.65,25:57.1
902951,5/8/14 04:00,5/8/14 04:00,3.63,25:57.1
903051,5/9/14 04:00,5/9/14 04:00,3.63,25:57.1
903251,5/10/14 04:00,5/10/14 04:00,3.64,25:57.1
903351,5/11/14 04:00,5/11/14 04:00,3.7,25:57.1
903451,5/12/14 04:00,5/12/14 04:00,3.7,25:57.1
903651,5/13/14 04:00,5/13/14 04:00,3.72,25:57.1
903751,5/14/14 04:00,5/14/14 04:00,3.75,25:57.1
903851,5/15/14 04:00,5/15/14 04:00,3.77,25:57.1
904051,5/16/14 04:00,5/16/14 04:00,3.83,25:57.1
904148,5/17/14 04:00,5/17/14 04:00,3.83,25:57.1
904248,5/18/14 04:00,5/18/14 04:00,3.86,25:57.1
904348,5/19/14 04:00,5/19/14 04:00,3.89,25:57.1
904548,5/20/14 04:00,5/20/14 04:00,3.95,25:57.1
904648,5/21/14 04:00,5/21/14 04:00,3.95,25:57.1
904748,5/22/14 04:00,5/22/14 04:00,4.03,25:57.1
904948,5/23/14 04:00,5/23/14 04:00,4.05,25:57.1
905048,5/24/14 04:00,5/24/14 04:00,4.04,25:57.1
905148,5/25/14 04:00,5/25/14 04:00,4.08,25:57.1
905348,5/26/14 04:00,5/26/14 04:00,4.05,25:57.1
905448,5/27/14 04:00,5/27/14 04:00,4.04,25:57.1
905548,5/28/14 04:00,5/28/14 04:00,4.01,25:57.1
905647,5/29/14 04:00,5/29/14 04:00,4.01,25:57.1
905846,5/30/14 04:00,5/30/14 04:00,4.01,25:57.1
905945,5/31/14 04:00,5/31/14 04:00,4.01,25:57.1
906044,6/1/14 04:00,6/1/14 04:00,3.99,25:57.1
906243,6/2/14 04:00,6/2/14 04:00,3.96,25:57.1
906342,6/3/14 04:00,6/3/14 04:00,3.96,25:57.1
906441,6/4/14 04:00,6/4/14 04:00,3.99,25:57.1
906640,6/5/14 04:00,6/5/14 04:00,3.95,25:57.1
906739,6/6/14 04:00,6/6/14 04:00,3.95,25:57.1
906838,6/7/14 04:00,6/7/14 04:00,3.95,25:57.1
906937,6/8/14 04:00,6/8/14 04:00,3.99,25:57.1
907136,6/9/14 04:00,6/9/14 04:00,3.95,25:57.1
907235,6/10/14 04:00,6/10/14 04:00,3.98,25:57.1
907334,6/11/14 04:00,6/11/14 04:00,3.96,25:57.1
907535,6/12/14 04:00,6/12/14 04:00,3.96,25:57.1
907635,6/13/14 04:00,6/13/14 04:00,3.99,25:57.1
907735,6/14/14 04:00,6/14/14 04:00,3.96,25:57.1
907935,6/15/14 04:00,6/15/14 04:00,3.97,25:57.1
908034,6/16/14 04:00,6/16/14 04:00,4,25:57.1
908135,6/17/14 04:00,6/17/14 04:00,4.01,25:57.1
908235,6/18/14 04:00,6/18/14 04:00,4,25:57.1
908435,6/19/14 04:00,6/19/14 04:00,4,25:57.1
908534,6/20/14 04:00,6/20/14 04:00,4.02,25:57.1
908635,6/21/14 04:00,6/21/14 04:00,4.05,25:57.1
907336,6/22/14 04:00,6/22/14 04:00,4.05,25:57.1
908933,6/23/14 04:00,6/23/14 04:00,4.09,25:57.1
909034,6/24/14 04:00,6/24/14 04:00,4.11,25:57.1
909234,6/25/14 04:00,6/25/14 04:00,4.11,25:57.1
909333,6/26/14 04:00,6/26/14 04:00,4.12,25:57.1
909434,6/27/14 04:00,6/27/14 04:00,4.14,25:57.1
909534,6/28/14 04:00,6/28/14 04:00,4.15,25:57.1
909733,6/29/14 04:00,6/29/14 04:00,4.2,25:57.1
909834,6/30/14 04:00,6/30/14 04:00,4.21,25:57.1
942559,7/1/14 04:00,7/1/14 04:00,4.21,25:57.1
942684,7/2/14 04:00,7/2/14 04:00,4.27,25:57.1
942809,7/3/14 04:00,7/3/14 04:00,4.3,25:57.1
942934,7/4/14 04:00,7/4/14 04:00,4.33,25:57.1
943059,7/5/14 04:00,7/5/14 04:00,4.35,25:57.1
943184,7/6/14 04:00,7/6/14 04:00,4.37,25:57.1
943309,7/7/14 04:00,7/7/14 04:00,4.38,25:57.1
943434,7/8/14 04:00,7/8/14 04:00,4.43,25:57.1
943559,7/9/14 04:00,7/9/14 04:00,4.49,25:57.1
943684,7/10/14 04:00,7/10/14 04:00,4.54,25:57.1
943809,7/11/14 04:00,7/11/14 04:00,4.59,25:57.1
943934,7/12/14 04:00,7/12/14 04:00,4.63,25:57.1
944059,7/13/14 04:00,7/13/14 04:00,4.7,25:57.1
944184,7/14/14 04:00,7/14/14 04:00,4.75,25:57.1
944309,7/15/14 04:00,7/15/14 04:00,4.78,25:57.1
944434,7/16/14 04:00,7/16/14 04:00,4.83,25:57.1
944559,7/17/14 04:00,7/17/14 04:00,4.81,25:57.1
944684,7/18/14 04:00,7/18/14 04:00,4.83,25:57.1
944809,7/19/14 04:00,7/19/14 04:00,4.86,25:57.1
944934,7/20/14 04:00,7/20/14 04:00,4.91,25:57.1
945059,7/21/14 04:00,7/21/14 04:00,4.92,25:57.1
945184,7/22/14 04:00,7/22/14 04:00,4.93,25:57.1
945309,7/23/14 04:00,7/23/14 04:00,4.94,25:57.1
945434,7/24/14 04:00,7/24/14 04:00,4.89,25:57.1
945559,7/25/14 04:00,7/25/14 04:00,4.9,25:57.1
945684,7/26/14 04:00,7/26/14 04:00,4.93,25:57.1
945809,7/27/14 04:00,7/27/14 04:00,4.95,25:57.1
945934,7/28/14 04:00,7/28/14 04:00,4.93,25:57.1
946059,7/29/14 04:00,7/29/14 04:00,4.98,25:57.1
946184,7/30/14 04:00,7/30/14 04:00,4.98,25:57.1
946309,7/31/14 04:00,7/31/14 04:00,4.94,25:57.1
946434,8/1/14 04:00,8/1/14 04:00,4.92,25:57.1
946559,8/2/14 04:00,8/2/14 04:00,4.92,25:57.1
946684,8/3/14 04:00,8/3/14 04:00,4.92,25:57.1
946809,8/4/14 04:00,8/4/14 04:00,4.89,25:57.1
946934,8/5/14 04:00,8/5/14 04:00,4.85,25:57.1
947059,8/6/14 04:00,8/6/14 04:00,4.85,25:57.1
947184,8/7/14 04:00,8/7/14 04:00,4.87,25:57.1
947309,8/8/14 04:00,8/8/14 04:00,4.8,25:57.1
947434,8/9/14 04:00,8/9/14 04:00,4.78,25:57.1
947559,8/10/14 04:00,8/10/14 04:00,4.78,25:57.1
947684,8/11/14 04:00,8/11/14 04:00,4.78,25:57.1
947809,8/12/14 04:00,8/12/14 04:00,4.74,25:57.1
947934,8/13/14 04:00,8/13/14 04:00,4.74,25:57.1
948059,8/14/14 04:00,8/14/14 04:00,4.71,25:57.1
948184,8/15/14 04:00,8/15/14 04:00,4.73,25:57.1
948309,8/16/14 04:00,8/16/14 04:00,4.75,25:57.1
948434,8/17/14 04:00,8/17/14 04:00,4.73,25:57.1
948559,8/18/14 04:00,8/18/14 04:00,4.7,25:57.1
948684,8/19/14 04:00,8/19/14 04:00,4.7,25:57.1
948809,8/20/14 04:00,8/20/14 04:00,4.68,25:57.1
307361,8/21/14 04:00,8/21/14 04:00,4.65,25:57.1
949058,8/22/14 04:00,8/22/14 04:00,4.65,25:57.1
949183,8/23/14 04:00,8/23/14 04:00,4.63,25:57.1
949308,8/24/14 04:00,8/24/14 04:00,4.61,25:57.1
949433,8/25/14 04:00,8/25/14 04:00,4.56,25:57.1
949558,8/26/14 04:00,8/26/14 04:00,4.5,25:57.1
949683,8/27/14 04:00,8/27/14 04:00,4.36,25:57.1
949808,8/28/14 04:00,8/28/14 04:00,4.36,25:57.1
949933,8/29/14 04:00,8/29/14 04:00,4.41,25:57.1
950058,8/30/14 04:00,8/30/14 04:00,4.42,25:57.1
950183,8/31/14 04:00,8/31/14 04:00,4.41,25:57.1
950925,9/1/14 04:00,9/1/14 04:00,4.36,25:57.1
950957,9/2/14 04:00,9/2/14 04:00,4.33,25:57.1
951082,9/3/14 04:00,9/3/14 04:00,4.31,25:57.1
951207,9/4/14 04:00,9/4/14 04:00,4.27,25:57.1
951332,9/5/14 04:00,9/5/14 04:00,4.27,25:57.1
951457,9/6/14 04:00,9/6/14 04:00,4.22,25:57.1
951582,9/7/14 04:00,9/7/14 04:00,4.18,25:57.1
951707,9/8/14 04:00,9/8/14 04:00,4.1,25:57.1
951832,9/9/14 04:00,9/9/14 04:00,4.1,25:57.1
951957,9/10/14 04:00,9/10/14 04:00,4.08,25:57.1
952082,9/11/14 04:00,9/11/14 04:00,4,25:57.1
952207,9/12/14 04:00,9/12/14 04:00,3.98,25:57.1
952332,9/13/14 04:00,9/13/14 04:00,3.98,25:57.1
952460,9/14/14 04:00,9/14/14 04:00,3.96,25:57.1
952585,9/15/14 04:00,9/15/14 04:00,3.96,25:57.1
952710,9/16/14 04:00,9/16/14 04:00,3.95,25:57.1
952835,9/17/14 04:00,9/17/14 04:00,3.92,25:57.1
952960,9/18/14 04:00,9/18/14 04:00,3.9,25:57.1
953085,9/19/14 04:00,9/19/14 04:00,3.87,25:57.1
953210,9/20/14 04:00,9/20/14 04:00,3.84,25:57.1
953335,9/21/14 04:00,9/21/14 04:00,3.8,25:57.1
953460,9/22/14 04:00,9/22/14 04:00,3.76,25:57.1
953585,9/23/14 04:00,9/23/14 04:00,3.75,25:57.1
953710,9/24/14 04:00,9/24/14 04:00,3.7,25:57.1
953836,9/25/14 04:00,9/25/14 04:00,3.66,25:57.1
953961,9/26/14 04:00,9/26/14 04:00,3.61,25:57.1
954086,9/27/14 04:00,9/27/14 04:00,3.58,25:57.1
954211,9/28/14 04:00,9/28/14 04:00,3.56,25:57.1
954336,9/29/14 04:00,9/29/14 04:00,3.53,25:57.1
954461,9/30/14 04:00,9/30/14 04:00,3.51,25:57.1
954586,10/1/14 04:00,10/1/14 04:00,3.51,25:57.1
954711,10/2/14 04:00,10/2/14 04:00,3.49,25:57.1
954836,10/3/14 04:00,10/3/14 04:00,3.49,25:57.1
954961,10/4/14 04:00,10/4/14 04:00,3.54,25:57.1
955086,10/5/14 04:00,10/5/14 04:00,3.57,25:57.1
955211,10/6/14 04:00,10/6/14 04:00,3.6,25:57.1
955336,10/7/14 04:00,10/7/14 04:00,3.6,25:57.1
955461,10/8/14 04:00,10/8/14 04:00,3.58,25:57.1
955586,10/9/14 04:00,10/9/14 04:00,3.58,25:57.1
955711,10/10/14 04:00,10/10/14 04:00,3.63,25:57.1
955836,10/11/14 04:00,10/11/14 04:00,3.63,25:57.1
955960,10/12/14 04:00,10/12/14 04:00,3.69,25:57.1
956084,10/13/14 04:00,10/13/14 04:00,3.72,25:57.1
956209,10/14/14 04:00,10/14/14 04:00,3.76,25:57.1
956334,10/15/14 04:00,10/15/14 04:00,3.91,25:57.1
956459,10/16/14 04:00,10/16/14 04:00,3.84,25:57.1
956584,10/17/14 04:00,10/17/14 04:00,3.85,25:57.1
956709,10/18/14 04:00,10/18/14 04:00,3.88,25:57.1
956834,10/19/14 04:00,10/19/14 04:00,3.91,25:57.1
956959,10/20/14 04:00,10/20/14 04:00,3.91,25:57.1
957084,10/21/14 04:00,10/21/14 04:00,3.95,25:57.1
957209,10/22/14 04:00,10/22/14 04:00,3.99,25:57.1
957334,10/23/14 04:00,10/23/14 04:00,3.99,25:57.1
957459,10/24/14 04:00,10/24/14 04:00,3.98,25:57.1
957584,10/25/14 04:00,10/25/14 04:00,3.99,25:57.1
957709,10/26/14 04:00,10/26/14 04:00,4,25:57.1
957834,10/27/14 04:00,10/27/14 04:00,3.98,25:57.1
957959,10/28/14 04:00,10/28/14 04:00,3.97,25:57.1
966741,10/29/14 04:00,10/29/14 04:00,3.95,25:57.1
966940,10/30/14 04:00,10/30/14 04:00,3.95,25:57.1
968157,10/31/14 04:00,10/31/14 04:00,3.93,25:57.1
968174,11/1/14 04:00,11/1/14 04:00,3.94,25:57.1
968299,11/2/14 04:00,11/2/14 04:00,3.94,25:57.1
968424,11/3/14 04:00,11/3/14 04:00,3.98,25:57.1
968549,11/4/14 04:00,11/4/14 04:00,4.03,25:57.1
968674,11/5/14 04:00,11/5/14 04:00,4,25:57.1
968799,11/6/14 04:00,11/6/14 04:00,3.95,25:57.1
968924,11/7/14 04:00,11/7/14 04:00,3.92,25:57.1
969049,11/8/14 04:00,11/8/14 04:00,3.87,25:57.1
969174,11/9/14 04:00,11/9/14 04:00,3.83,25:57.1
969299,11/10/14 04:00,11/10/14 04:00,3.8,25:57.1
969424,11/11/14 04:00,11/11/14 04:00,3.74,25:57.1
969549,11/12/14 04:00,11/12/14 04:00,3.72,25:57.1
969674,11/13/14 04:00,11/13/14 04:00,3.66,25:57.1
969799,11/14/14 04:00,11/14/14 04:00,3.62,25:57.1
969924,11/15/14 04:00,11/15/14 04:00,3.62,25:57.1
970049,11/16/14 04:00,11/16/14 04:00,3.57,25:57.1
970174,11/17/14 04:00,11/17/14 04:00,3.52,25:57.1
1003024,11/18/14 04:00,11/18/14 04:00,3.52,25:57.1
1003091,11/19/14 04:00,11/19/14 04:00,3.5,25:57.1
1003370,11/20/14 04:00,11/20/14 04:00,3.46,25:57.1
1003495,11/21/14 04:00,11/21/14 04:00,3.4,25:57.1
1003620,11/22/14 04:00,11/22/14 04:00,3.4,25:57.1
1003745,11/23/14 04:00,11/23/14 04:00,3.38,25:57.1
1003870,11/24/14 04:00,11/24/14 04:00,3.38,25:57.1
1003994,11/25/14 04:00,11/25/14 04:00,3.37,25:57.1
1004118,11/26/14 04:00,11/26/14 04:00,3.34,25:57.1
1004239,11/27/14 04:00,11/27/14 04:00,3.32,25:57.1
1004364,11/28/14 04:00,11/28/14 04:00,3.3,25:57.1
1004489,11/29/14 04:00,11/29/14 04:00,3.31,25:57.1
1004614,11/30/14 04:00,11/30/14 04:00,3.29,25:57.1
1004739,12/1/14 04:00,12/1/14 04:00,3.26,25:57.1
1016478,12/2/14 04:00,12/2/14 04:00,3.3,25:57.1
1016621,12/3/14 04:00,12/3/14 04:00,3.37,25:57.1
1017026,12/4/14 04:00,12/4/14 04:00,3.35,25:57.1
1017092,12/5/14 04:00,12/5/14 04:00,3.33,25:57.1
1017240,12/6/14 04:00,12/6/14 04:00,3.34,25:57.1
1017487,12/7/14 04:00,12/7/14 04:00,3.34,25:57.1
1018804,12/8/14 04:00,12/8/14 04:00,3.31,25:57.1
942309,12/9/14 04:00,12/9/14 04:00,3.31,25:57.1
1021118,12/10/14 04:00,12/10/14 04:00,3.32,25:57.1
1021164,12/11/14 04:00,12/11/14 04:00,3.35,25:57.1
1110501,12/12/14 04:00,12/12/14 04:00,3.39,25:57.1
1111816,12/13/14 04:00,12/13/14 04:00,3.45,25:57.1
1111899,12/14/14 04:00,12/14/14 04:00,3.46,25:57.1
1112603,12/15/14 04:00,12/15/14 04:00,3.44,25:57.1
1113014,12/16/14 04:00,12/16/14 04:00,3.44,25:57.1
1113142,12/17/14 04:00,12/17/14 04:00,3.43,25:57.1
1113444,12/18/14 04:00,12/18/14 04:00,3.37,25:57.1
1113455,12/19/14 04:00,12/19/14 04:00,3.33,25:57.1
1113609,12/20/14 04:00,12/20/14 04:00,3.34,25:57.1
1113763,12/21/14 04:00,12/21/14 04:00,3.34,25:57.1
1114843,12/22/14 04:00,12/22/14 04:00,3.3,25:57.1
1114860,12/23/14 04:00,12/23/14 04:00,3.36,25:57.1
1115626,12/24/14 04:00,12/24/14 04:00,3.39,25:57.1
1115638,12/25/14 04:00,12/25/14 04:00,3.41,25:57.1
1115793,12/26/14 04:00,12/26/14 04:00,3.4,25:57.1
1115955,12/27/14 04:00,12/27/14 04:00,3.4,25:57.1
1117411,12/28/14 04:00,12/28/14 04:00,3.43,25:57.1
1117516,12/29/14 04:00,12/29/14 04:00,3.43,25:57.1
1117670,12/30/14 04:00,12/30/14 04:00,3.45,25:57.1
1117823,12/31/14 04:00,12/31/14 04:00,3.47,25:57.1
1117978,1/1/15 04:00,1/1/15 04:00,3.47,25:57.1
1118133,1/2/15 04:00,1/2/15 04:00,3.47,25:57.1
1118288,1/3/15 04:00,1/3/15 04:00,3.45,25:57.1
1118443,1/4/15 04:00,1/4/15 04:00,3.51,25:57.1
1118598,1/5/15 04:00,1/5/15 04:00,3.51,25:57.1
1118753,1/6/15 04:00,1/6/15 04:00,3.57,25:57.1
1118909,1/7/15 04:00,1/7/15 04:00,3.6,25:57.1
1119065,1/8/15 04:00,1/8/15 04:00,3.66,25:57.1
1119221,1/9/15 04:00,1/9/15 04:00,3.73,25:57.1
1119377,1/10/15 04:00,1/10/15 04:00,3.79,25:57.1
1119533,1/11/15 04:00,1/11/15 04:00,3.79,25:57.1
1119689,1/12/15 04:00,1/12/15 04:00,3.82,25:57.1
1119845,1/13/15 04:00,1/13/15 04:00,3.89,25:57.1
1131285,1/14/15 04:00,1/14/15 04:00,3.97,25:57.1
1131304,1/15/15 04:00,1/15/15 04:00,4.12,25:57.1
942434,1/16/15 04:00,1/16/15 04:00,4.2,25:57.1
1131460,1/17/15 04:00,1/17/15 04:00,4.22,25:57.1
1131616,1/18/15 04:00,1/18/15 04:00,4.23,25:57.1
942184,1/19/15 04:00,1/19/15 04:00,4.23,25:57.1
942059,1/20/15 04:00,1/20/15 04:00,4.26,25:57.1
941934,1/21/15 04:00,1/21/15 04:00,4.29,25:57.1
1510607,1/22/15 04:00,1/22/15 04:00,4.32,25:57.1
2133579,1/23/15 04:00,1/23/15 04:00,4.32,25:57.1
2133347,1/24/15 04:00,1/24/15 04:00,4.34,25:57.1
2133425,1/25/15 04:00,1/25/15 04:00,4.34,25:57.1
2133507,1/26/15 04:00,1/26/15 04:00,4.32,25:57.1
2104510,1/27/15 04:00,1/27/15 04:00,4.32,25:57.1
2023171,1/28/15 04:00,1/28/15 04:00,4.32,25:57.1
2195095,1/29/15 04:00,1/29/15 04:00,4.32,25:57.1
2195094,1/30/15 04:00,1/30/15 04:00,4.32,25:57.1
2195087,1/31/15 04:00,1/31/15 04:00,4.33,25:57.1
2195088,2/1/15 04:00,2/1/15 04:00,4.33,25:57.1
2195089,2/2/15 04:00,2/2/15 04:00,4.31,25:57.1
2196674,2/3/15 04:00,2/3/15 04:00,4.3,25:57.1
2227493,2/4/15 04:00,2/4/15 04:00,4.25,25:57.1
2227494,2/5/15 04:00,2/5/15 04:00,4.25,25:57.1
2227492,2/6/15 04:00,2/6/15 04:00,4.25,25:57.1
2227495,2/7/15 04:00,2/7/15 04:00,4.22,25:57.1
2227496,2/8/15 04:00,2/8/15 04:00,4.18,25:57.1
2227491,2/9/15 04:00,2/9/15 04:00,4.13,25:57.1
2227490,2/10/15 04:00,2/10/15 04:00,4.12,25:57.1
2247734,2/11/15 04:00,2/11/15 04:00,4.1,25:57.1
2247735,2/12/15 04:00,2/12/15 04:00,4.08,25:57.1
2247733,2/13/15 04:00,2/13/15 04:00,4.07,25:57.1
2247736,2/14/15 04:00,2/14/15 04:00,4.03,25:57.1
2247738,2/15/15 04:00,2/15/15 04:00,4.01,25:57.1
2247732,2/16/15 04:00,2/16/15 04:00,4,25:57.1
2247739,2/17/15 04:00,2/17/15 04:00,3.94,25:57.1
2247731,2/18/15 04:00,2/18/15 04:00,3.92,25:57.1
2247730,2/19/15 04:00,2/19/15 04:00,3.85,25:57.1
2253293,2/20/15 04:00,2/20/15 04:00,3.78,25:57.1
2253294,2/21/15 04:00,2/21/15 04:00,3.74,25:57.1
2253295,2/22/15 04:00,2/22/15 04:00,3.77,25:57.1
2253292,2/23/15 04:00,2/23/15 04:00,3.73,25:57.1
2253291,2/24/15 04:00,2/24/15 04:00,3.72,25:57.1
2253290,2/25/15 04:00,2/25/15 04:00,3.68,25:57.1
2261452,2/26/15 04:00,2/26/15 04:00,3.66,25:57.1
2261451,2/27/15 04:00,2/27/15 04:00,3.67,25:57.1
2261448,2/28/15 04:00,2/28/15 04:00,3.69,25:57.1
2261449,3/1/15 04:00,3/1/15 04:00,3.69,25:57.1
2261450,3/2/15 04:00,3/2/15 04:00,3.7,25:57.1
693096,3/3/15 04:00,3/3/15 04:00,3.75,25:57.1
692996,3/4/15 04:00,3/4/15 04:00,3.8,25:57.1
1989607,3/5/15 04:00,3/5/15 04:00,3.88,25:57.1
1989486,3/6/15 04:00,3/6/15 04:00,3.98,25:57.1
1989018,3/7/15 04:00,3/7/15 04:00,3.96,25:57.1
1989213,3/8/15 04:00,3/8/15 04:00,4.03,25:57.1
1989354,3/9/15 04:00,3/9/15 04:00,4.02,25:57.1
2068155,3/10/15 04:00,3/10/15 04:00,4.02,25:57.1
2068080,3/11/15 04:00,3/11/15 04:00,4.02,25:57.1
2135953,3/12/15 04:00,3/12/15 04:00,4.03,25:57.1
2244999,3/13/15 04:00,3/13/15 04:00,4.04,25:57.1
2245016,3/14/15 04:00,3/14/15 04:00,4.06,25:57.1
2245029,3/15/15 04:00,3/15/15 04:00,4.03,25:57.1
2244981,3/16/15 04:00,3/16/15 04:00,4.02,25:57.1
2244958,3/17/15 04:00,3/17/15 04:00,4.02,25:57.1
2244932,3/18/15 04:00,3/18/15 04:00,4.02,25:57.1
2242117,3/19/15 04:00,3/19/15 04:00,4.01,25:57.1
2242130,3/20/15 04:00,3/20/15 04:00,3.94,25:57.1
2242151,3/21/15 04:00,3/21/15 04:00,3.96,25:57.1
2242102,3/22/15 04:00,3/22/15 04:00,3.85,25:57.1
2242040,3/23/15 04:00,3/23/15 04:00,3.88,25:57.1
2242057,3/24/15 04:00,3/24/15 04:00,3.87,25:57.1
2242088,3/25/15 04:00,3/25/15 04:00,3.85,25:57.1
2212022,3/26/15 04:00,3/26/15 04:00,3.85,25:57.1
2256256,3/27/15 04:00,3/27/15 04:00,3.83,25:57.1
2256293,3/28/15 04:00,3/28/15 04:00,3.78,25:57.1
2256234,3/29/15 04:00,3/29/15 04:00,3.79,25:57.1
2256170,3/30/15 04:00,3/30/15 04:00,3.76,25:57.1
2256192,3/31/15 04:00,3/31/15 04:00,3.73,25:57.1
2256214,4/1/15 04:00,4/1/15 04:00,3.66,25:57.1
2263900,4/2/15 04:00,4/2/15 04:00,3.66,25:57.1
2263937,4/3/15 04:00,4/3/15 04:00,3.63,25:57.1
2263750,4/4/15 04:00,4/4/15 04:00,3.58,25:57.1
2263783,4/5/15 04:00,4/5/15 04:00,3.51,25:57.1
2264070,4/6/15 04:00,4/6/15 04:00,3.49,25:57.1
2263735,4/7/15 04:00,4/7/15 04:00,3.5,25:57.1
2257801,4/8/15 04:00,4/8/15 04:00,3.5,25:57.1
2265006,4/9/15 04:00,4/9/15 04:00,3.42,25:57.1
2265005,4/10/15 04:00,4/10/15 04:00,3.37,25:57.1
2271701,4/11/15 04:00,4/11/15 04:00,3.22,25:57.1
2271702,4/12/15 04:00,4/12/15 04:00,3.22,25:57.1
2271612,4/13/15 04:00,4/13/15 04:00,3.2,25:57.1
2271496,4/14/15 04:00,4/14/15 04:00,3.18,25:57.1
2271495,4/15/15 04:00,4/15/15 04:00,3.15,25:57.1
2274225,4/16/15 04:00,4/16/15 04:00,3.11,25:57.1
2275378,4/17/15 04:00,4/17/15 04:00,3.06,25:57.1
2280911,4/18/15 04:00,4/18/15 04:00,3.05,25:57.1
2280912,4/19/15 04:00,4/19/15 04:00,3,25:57.1
2280913,4/20/15 04:00,4/20/15 04:00,2.9,25:57.1
2288496,4/21/15 04:00,4/21/15 04:00,2.9,25:57.1
2288664,4/22/15 04:00,4/22/15 04:00,2.89,25:57.1
2291754,4/23/15 04:00,4/23/15 04:00,2.86,25:57.1
2295940,4/24/15 04:00,4/24/15 04:00,2.8,25:57.1
2303760,4/25/15 04:00,4/25/15 04:00,2.76,25:57.1
2303761,4/26/15 04:00,4/26/15 04:00,2.75,25:57.1
2303762,4/27/15 04:00,4/27/15 04:00,2.73,25:57.1
2307835,4/28/15 04:00,4/28/15 04:00,2.73,25:57.1
2366075,4/29/15 04:00,4/29/15 04:00,2.72,25:57.1
2369832,4/30/15 04:00,4/30/15 04:00,2.8,25:57.1
2196475,5/1/15 04:00,5/1/15 04:00,2.86,25:57.1
2066889,5/2/15 04:00,5/2/15 04:00,2.86,25:57.1
2066967,5/3/15 04:00,5/3/15 04:00,2.96,25:57.1
2067046,5/4/15 04:00,5/4/15 04:00,3.07,25:57.1
2144431,5/5/15 04:00,5/5/15 04:00,3.16,25:57.1
2195628,5/6/15 04:00,5/6/15 04:00,3.17,25:57.1
2200195,5/7/15 04:00,5/7/15 04:00,3.1,25:57.1
2231202,5/8/15 04:00,5/8/15 04:00,3.08,25:57.1
2249379,5/9/15 04:00,5/9/15 04:00,3.07,25:57.1
2249395,5/10/15 04:00,5/10/15 04:00,3.02,25:57.1
2249424,5/11/15 04:00,5/11/15 04:00,2.95,25:57.1
2195661,5/12/15 04:00,5/12/15 04:00,2.96,25:57.1
2207363,5/13/15 04:00,5/13/15 04:00,2.93,25:57.1
2248687,5/14/15 04:00,5/14/15 04:00,2.92,25:57.1
2195739,5/15/15 04:00,5/15/15 04:00,2.93,25:57.1
1599344,5/16/15 04:00,5/16/15 04:00,2.92,25:57.1
1599467,5/17/15 04:00,5/17/15 04:00,2.93,25:57.1
1599595,5/18/15 04:00,5/18/15 04:00,2.93,25:57.1
1999200,5/19/15 04:00,5/19/15 04:00,2.93,25:57.1
2057395,5/20/15 04:00,5/20/15 04:00,2.93,25:57.1
2194687,5/21/15 04:00,5/21/15 04:00,2.93,25:57.1
2197878,5/22/15 04:00,5/22/15 04:00,2.93,25:57.1
2195587,5/23/15 04:00,5/23/15 04:00,2.94,25:57.1
2244110,5/24/15 04:00,5/24/15 04:00,2.93,25:57.1
2244124,5/25/15 04:00,5/25/15 04:00,2.94,25:57.1
2244141,5/26/15 04:00,5/26/15 04:00,2.94,25:57.1
2058718,5/27/15 04:00,5/27/15 04:00,2.98,25:57.1
2243037,5/28/15 04:00,5/28/15 04:00,2.98,25:57.1
2250057,5/29/15 04:00,5/29/15 04:00,3,25:57.1
2249209,5/30/15 04:00,5/30/15 04:00,3.04,25:57.1
2249232,5/31/15 04:00,5/31/15 04:00,3,25:57.1
2249248,6/1/15 04:00,6/1/15 04:00,3,25:57.1
2056368,6/2/15 04:00,6/2/15 04:00,3.02,25:57.1
2055962,6/3/15 04:00,6/3/15 04:00,3,25:57.1
2253315,6/4/15 04:00,6/4/15 04:00,3.04,25:57.1
2259822,6/5/15 04:00,6/5/15 04:00,3.04,25:57.1
2273159,6/6/15 04:00,6/6/15 04:00,3.03,25:57.1
2273178,6/7/15 04:00,6/7/15 04:00,3.1,25:57.1
2273197,6/8/15 04:00,6/8/15 04:00,3.12,25:57.1
2287182,6/9/15 04:00,6/9/15 04:00,3.13,25:57.1
2287217,6/10/15 04:00,6/10/15 04:00,3.13,25:57.1
2290860,6/11/15 04:00,6/11/15 04:00,3.17,25:57.1
2295331,6/12/15 04:00,6/12/15 04:00,3.2,25:57.1
2314046,6/13/15 04:00,6/13/15 04:00,3.2,25:57.1
2314084,6/14/15 04:00,6/14/15 04:00,3.22,25:57.1
2314115,6/15/15 04:00,6/15/15 04:00,3.21,25:57.1
755122,6/16/15 04:00,6/16/15 04:00,3.17,25:57.1
1526473,6/17/15 04:00,6/17/15 04:00,3.17,25:57.1
2038777,6/18/15 04:00,6/18/15 04:00,3.17,25:57.1
2194368,6/19/15 04:00,6/19/15 04:00,3.14,25:57.1
2209511,6/20/15 04:00,6/20/15 04:00,3.22,25:57.1
2209713,6/21/15 04:00,6/21/15 04:00,3.24,25:57.1
2209816,6/22/15 04:00,6/22/15 04:00,3.22,25:57.1
2239465,6/23/15 04:00,6/23/15 04:00,3.2,25:57.1
2244536,6/24/15 04:00,6/24/15 04:00,3.19,25:57.1
2249738,6/25/15 04:00,6/25/15 04:00,3.22,25:57.1
2201464,6/26/15 04:00,6/26/15 04:00,3.29,25:57.1
2198069,6/27/15 04:00,6/27/15 04:00,3.28,25:57.1
2198086,6/28/15 04:00,6/28/15 04:00,3.28,25:57.1
2198101,6/29/15 04:00,6/29/15 04:00,3.25,25:57.1
1526603,6/30/15 04:00,6/30/15 04:00,3.32,25:57.1
1593611,7/1/15 04:00,7/1/15 04:00,3.33,25:57.1
2063574,7/2/15 04:00,7/2/15 04:00,3.4,25:57.1
2064966,7/3/15 04:00,7/3/15 04:00,3.44,25:57.1
2197791,7/4/15 04:00,7/4/15 04:00,3.46,25:57.1
2197803,7/5/15 04:00,7/5/15 04:00,3.46,25:57.1
2197815,7/6/15 04:00,7/6/15 04:00,3.44,25:57.1
2237826,7/7/15 04:00,7/7/15 04:00,3.45,25:57.1
2242279,7/8/15 04:00,7/8/15 04:00,3.42,25:57.1
2248579,7/9/15 04:00,7/9/15 04:00,3.41,25:57.1
2248593,7/10/15 04:00,7/10/15 04:00,3.41,25:57.1
2255070,7/11/15 04:00,7/11/15 04:00,3.44,25:57.1
2255094,7/12/15 04:00,7/12/15 04:00,3.44,25:57.1
2255119,7/13/15 04:00,7/13/15 04:00,3.47,25:57.1
2257730,7/14/15 04:00,7/14/15 04:00,3.46,25:57.1
2261962,7/15/15 04:00,7/15/15 04:00,3.45,25:57.1
2265177,7/16/15 04:00,7/16/15 04:00,3.45,25:57.1
2268520,7/17/15 04:00,7/17/15 04:00,3.49,25:57.1
2279152,7/18/15 04:00,7/18/15 04:00,3.48,25:57.1
2279185,7/19/15 04:00,7/19/15 04:00,3.52,25:57.1
2279220,7/20/15 04:00,7/20/15 04:00,3.52,25:57.1
2292924,7/21/15 04:00,7/21/15 04:00,3.54,25:57.1
2295410,7/22/15 04:00,7/22/15 04:00,3.55,25:57.1
2197436,7/23/15 04:00,7/23/15 04:00,3.59,25:57.1
2251726,7/24/15 04:00,7/24/15 04:00,3.65,25:57.1
2249257,7/25/15 04:00,7/25/15 04:00,3.68,25:57.1
2249273,7/26/15 04:00,7/26/15 04:00,3.71,25:57.1
2248164,7/27/15 04:00,7/27/15 04:00,3.75,25:57.1
2244623,7/28/15 04:00,7/28/15 04:00,3.8,25:57.1
2243463,7/29/15 04:00,7/29/15 04:00,3.81,25:57.1
2260859,7/30/15 04:00,7/30/15 04:00,3.81,25:57.1
2271261,7/31/15 04:00,7/31/15 04:00,3.87,25:57.1
2197562,8/1/15 04:00,8/1/15 04:00,3.91,25:57.1
2197576,8/2/15 04:00,8/2/15 04:00,4,25:57.1
2197590,8/3/15 04:00,8/3/15 04:00,4.04,25:57.1
2242225,8/4/15 04:00,8/4/15 04:00,4.05,25:57.1
2243743,8/5/15 04:00,8/5/15 04:00,4.06,25:57.1
2261848,8/6/15 04:00,8/6/15 04:00,4.08,25:57.1
2115497,8/7/15 04:00,8/7/15 04:00,4.12,25:57.1
2254779,8/8/15 04:00,8/8/15 04:00,4.15,25:57.1
2254804,8/9/15 04:00,8/9/15 04:00,4.19,25:57.1
2254859,8/10/15 04:00,8/10/15 04:00,4.19,25:57.1
2268519,8/11/15 04:00,8/11/15 04:00,4.34,25:57.1
2047804,8/12/15 04:00,8/12/15 04:00,4.53,25:57.1
2245153,8/13/15 04:00,8/13/15 04:00,4.54,25:57.1
2245137,8/14/15 04:00,8/14/15 04:00,4.55,25:57.1
2245180,8/15/15 04:00,8/15/15 04:00,4.49,25:57.1
2245216,8/16/15 04:00,8/16/15 04:00,4.49,25:57.1
2242446,8/17/15 04:00,8/17/15 04:00,4.51,25:57.1
2242557,8/18/15 04:00,8/18/15 04:00,4.5,25:57.1
2245120,8/19/15 04:00,8/19/15 04:00,4.51,25:57.1
2242946,8/20/15 04:00,8/20/15 04:00,4.51,25:57.1
2259359,8/21/15 04:00,8/21/15 04:00,4.52,25:57.1
2242886,8/22/15 04:00,8/22/15 04:00,4.52,25:57.1
2242906,8/23/15 04:00,8/23/15 04:00,4.51,25:57.1
2242929,8/24/15 04:00,8/24/15 04:00,4.46,25:57.1
2244383,8/25/15 04:00,8/25/15 04:00,4.47,25:57.1
2257365,8/26/15 04:00,8/26/15 04:00,4.45,25:57.1
2111491,8/27/15 04:00,8/27/15 04:00,4.47,25:57.1
2116905,8/28/15 04:00,8/28/15 04:00,4.45,25:57.1
2254806,8/29/15 04:00,8/29/15 04:00,4.42,25:57.1
2254861,8/30/15 04:00,8/30/15 04:00,4.42,25:57.1
2254888,8/31/15 04:00,8/31/15 04:00,4.4,25:57.1
2265295,9/1/15 04:00,9/1/15 04:00,4.38,25:57.1
2045163,9/2/15 04:00,9/2/15 04:00,4.35,25:57.1
2197070,9/3/15 04:00,9/3/15 04:00,4.3,25:57.1
52223,9/4/15 04:00,9/4/15 04:00,4.28,25:57.1
197001,9/5/15 04:00,9/5/15 04:00,4.24,25:57.1
197109,9/6/15 04:00,9/6/15 04:00,4.2,25:57.1
197218,9/7/15 04:00,9/7/15 04:00,4.17,25:57.1
250304,9/8/15 04:00,9/8/15 04:00,4.12,25:57.1
299769,9/9/15 04:00,9/9/15 04:00,4.09,25:57.1
326040,9/10/15 04:00,9/10/15 04:00,4.07,25:57.1
363569,9/11/15 04:00,9/11/15 04:00,3.93,25:57.1
460565,9/12/15 04:00,9/12/15 04:00,3.9,25:57.1
460669,9/13/15 04:00,9/13/15 04:00,3.83,25:57.1
460774,9/14/15 04:00,9/14/15 04:00,3.76,25:57.1
499370,9/15/15 04:00,9/15/15 04:00,3.75,25:57.1
523629,9/16/15 04:00,9/16/15 04:00,3.64,25:57.1
138352,9/17/15 04:00,9/17/15 04:00,3.56,25:57.1
138233,9/18/15 04:00,9/18/15 04:00,3.56,25:57.1
308488,9/19/15 04:00,9/19/15 04:00,3.44,25:57.1
308516,9/20/15 04:00,9/20/15 04:00,3.35,25:57.1
308630,9/21/15 04:00,9/21/15 04:00,3.29,25:57.1
306590,9/22/15 04:00,9/22/15 04:00,3.24,25:57.1
91929,9/23/15 04:00,9/23/15 04:00,3.21,25:57.1
188688,9/24/15 04:00,9/24/15 04:00,3.18,25:57.1
189289,9/25/15 04:00,9/25/15 04:00,3.14,25:57.1
89425,9/26/15 04:00,9/26/15 04:00,3.12,25:57.1
89532,9/27/15 04:00,9/27/15 04:00,3.07,25:57.1
89641,9/28/15 04:00,9/28/15 04:00,3,25:57.1
135860,9/29/15 04:00,9/29/15 04:00,3,25:57.1
181588,9/30/15 04:00,9/30/15 04:00,2.86,25:57.1
226657,10/1/15 04:00,10/1/15 04:00,2.8,25:57.1
277736,10/2/15 04:00,10/2/15 04:00,2.86,25:57.1
243333,10/3/15 04:00,10/3/15 04:00,2.87,25:57.1
243440,10/4/15 04:00,10/4/15 04:00,2.82,25:57.1
243552,10/5/15 04:00,10/5/15 04:00,2.79,25:57.1
238410,10/6/15 04:00,10/6/15 04:00,2.87,25:57.1
68623,10/7/15 04:00,10/7/15 04:00,2.86,25:57.1
116723,10/8/15 04:00,10/8/15 04:00,2.86,25:57.1
170155,10/9/15 04:00,10/9/15 04:00,2.75,25:57.1
205184,10/10/15 04:00,10/10/15 04:00,2.74,25:57.1
207344,10/11/15 04:00,10/11/15 04:00,2.76,25:57.1
207456,10/12/15 04:00,10/12/15 04:00,2.76,25:57.1
207564,10/13/15 04:00,10/13/15 04:00,2.73,25:57.1
205076,10/14/15 04:00,10/14/15 04:00,2.7,25:57.1
68221,10/15/15 04:00,10/15/15 04:00,2.7,25:57.1
116140,10/16/15 04:00,10/16/15 04:00,2.62,25:57.1
121000,10/17/15 04:00,10/17/15 04:00,2.61,25:57.1
121117,10/18/15 04:00,10/18/15 04:00,2.7,25:57.1
121232,10/19/15 04:00,10/19/15 04:00,2.8,25:57.1
115471,10/20/15 04:00,10/20/15 04:00,2.8,25:57.1
167757,10/21/15 04:00,10/21/15 04:00,2.79,25:57.1
210481,10/22/15 04:00,10/22/15 04:00,2.8,25:57.1
301666,10/23/15 04:00,10/23/15 04:00,2.78,25:57.1
65808,10/24/15 04:00,10/24/15 04:00,2.79,25:57.1
65908,10/25/15 04:00,10/25/15 04:00,2.83,25:57.1
66007,10/26/15 04:00,10/26/15 04:00,2.9,25:57.1
108284,10/27/15 04:00,10/27/15 04:00,2.92,25:57.1
204083,10/28/15 04:00,10/28/15 04:00,2.94,25:57.1
204191,10/29/15 04:00,10/29/15 04:00,2.94,25:57.1
144238,10/30/15 04:00,10/30/15 04:00,3,25:57.1
88926,10/31/15 04:00,10/31/15 04:00,3.04,25:57.1
89023,11/1/15 04:00,11/1/15 04:00,3.13,25:57.1
89129,11/2/15 04:00,11/2/15 04:00,3.17,25:57.1
135272,11/3/15 04:00,11/3/15 04:00,3.2,25:57.1
181013,11/4/15 04:00,11/4/15 04:00,3.22,25:57.1
83966,11/5/15 04:00,11/5/15 04:00,3.2,25:57.1
144832,11/6/15 04:00,11/6/15 04:00,3.26,25:57.1
159981,11/7/15 04:00,11/7/15 04:00,3.28,25:57.1
160082,11/8/15 04:00,11/8/15 04:00,3.28,25:57.1
160184,11/9/15 04:00,11/9/15 04:00,3.25,25:57.1
68325,11/10/15 04:00,11/10/15 04:00,3.24,25:57.1
125479,11/11/15 04:00,11/11/15 04:00,3.18,25:57.1
177775,11/12/15 04:00,11/12/15 04:00,3.2,25:57.1
147678,11/13/15 04:00,11/13/15 04:00,3.24,25:57.1
117679,11/14/15 04:00,11/14/15 04:00,3.29,25:57.1
117797,11/15/15 04:00,11/15/15 04:00,3.31,25:57.1
117917,11/16/15 04:00,11/16/15 04:00,3.34,25:57.1
166807,11/17/15 04:00,11/17/15 04:00,3.34,25:57.1
83967,11/18/15 04:00,11/18/15 04:00,3.35,25:57.1
177238,11/19/15 04:00,11/19/15 04:00,3.36,25:57.1
104409,11/20/15 04:00,11/20/15 04:00,3.42,25:57.1
149089,11/21/15 04:00,11/21/15 04:00,3.45,25:57.1
149209,11/22/15 04:00,11/22/15 04:00,3.53,25:57.1
149323,11/23/15 04:00,11/23/15 04:00,3.57,25:57.1
70993,11/24/15 04:00,11/24/15 04:00,3.59,25:57.1
124411,11/25/15 04:00,11/25/15 04:00,3.61,25:57.1
52799,11/26/15 04:00,11/26/15 04:00,3.63,25:57.1
69858,11/27/15 04:00,11/27/15 04:00,3.7,25:57.1
69960,11/28/15 04:00,11/28/15 04:00,3.73,25:57.1
70062,11/29/15 04:00,11/29/15 04:00,3.78,25:57.1
70176,11/30/15 04:00,11/30/15 04:00,3.84,25:57.1
98539,12/1/15 04:00,12/1/15 04:00,3.89,25:57.1
154399,12/2/15 04:00,12/2/15 04:00,3.9,25:57.1
103160,12/3/15 04:00,12/3/15 04:00,3.9,25:57.1
160934,12/4/15 04:00,12/4/15 04:00,3.92,25:57.1
129521,12/5/15 04:00,12/5/15 04:00,3.95,25:57.1
129642,12/6/15 04:00,12/6/15 04:00,3.96,25:57.1
129404,12/7/15 04:00,12/7/15 04:00,3.99,25:57.1
129285,12/8/15 04:00,12/8/15 04:00,3.99,25:57.1
129167,12/9/15 04:00,12/9/15 04:00,3.99,25:57.1
62969,12/10/15 04:00,12/10/15 04:00,4.02,25:57.1
126197,12/11/15 04:00,12/11/15 04:00,4.09,25:57.1
67319,12/12/15 04:00,12/12/15 04:00,4.11,25:57.1
67419,12/13/15 04:00,12/13/15 04:00,4.14,25:57.1
67519,12/14/15 04:00,12/14/15 04:00,4.19,25:57.1
114918,12/15/15 04:00,12/15/15 04:00,4.22,25:57.1
62255,12/16/15 04:00,12/16/15 04:00,4.25,25:57.1
115142,12/17/15 04:00,12/17/15 04:00,4.28,25:57.1
62154,12/18/15 04:00,12/18/15 04:00,4.3,25:57.1
130709,12/19/15 04:00,12/19/15 04:00,4.32,25:57.1
130829,12/20/15 04:00,12/20/15 04:00,4.34,25:57.1
130947,12/21/15 04:00,12/21/15 04:00,4.4,25:57.1
89131,12/22/15 04:00,12/22/15 04:00,4.46,25:57.1
51988,12/23/15 04:00,12/23/15 04:00,4.5,25:57.1
296319,12/24/15 04:00,12/24/15 04:00,4.55,25:57.1
296410,12/25/15 04:00,12/25/15 04:00,4.6,25:57.1
296528,12/26/15 04:00,12/26/15 04:00,4.6,25:57.1
356871,12/27/15 04:00,12/27/15 04:00,4.75,25:57.1
356974,12/28/15 04:00,12/28/15 04:00,4.8,25:57.1
400455,12/29/15 04:00,12/29/15 04:00,4.86,25:57.1
286550,12/30/15 04:00,12/30/15 04:00,4.94,25:57.1
240098,12/31/15 04:00,12/31/15 04:00,4.98,25:57.1
220248,1/1/16 04:00,1/1/16 04:00,5.04,25:57.1
220359,1/2/16 04:00,1/2/16 04:00,5.14,25:57.1
220473,1/3/16 04:00,1/3/16 04:00,5.15,25:57.1
214279,1/4/16 06:00,1/4/16 06:00,5.17,25:57.1
242466,1/4/16 12:00,1/4/16 12:00,5.22,25:57.1
241116,1/4/16 18:00,1/4/16 18:00,5.22,25:57.1
90049,1/5/16 00:00,1/5/16 00:00,5.23,25:57.1
105370,1/5/16 06:00,1/5/16 06:00,5.23,25:57.1
394314,1/5/16 12:00,1/5/16 12:00,5.27,25:57.1
399347,1/5/16 18:00,1/5/16 18:00,5.29,25:57.1
194049,1/6/16 00:00,1/6/16 00:00,5.29,25:57.1
232960,1/6/16 06:00,1/6/16 06:00,5.29,25:57.1
407176,1/6/16 09:00,1/6/16 09:00,5.3,25:57.1
283868,1/6/16 12:00,1/6/16 12:00,5.32,25:57.1
340967,1/6/16 15:00,1/6/16 15:00,5.32,25:57.1
343795,1/6/16 18:00,1/6/16 18:00,5.34,25:57.1
306721,1/6/16 21:00,1/6/16 21:00,5.34,25:57.1
279251,1/7/16 00:00,1/7/16 00:00,5.35,25:57.1
193232,1/7/16 03:00,1/7/16 03:00,5.35,25:57.1
341574,1/7/16 06:00,1/7/16 06:00,5.35,25:57.1
304728,1/7/16 09:00,1/7/16 09:00,5.36,25:57.1
320546,1/7/16 12:00,1/7/16 12:00,5.37,25:57.1
341882,1/7/16 15:00,1/7/16 15:00,5.37,25:57.1
359958,1/7/16 18:00,1/7/16 18:00,5.37,25:57.1
266496,1/7/16 21:00,1/7/16 21:00,5.38,25:57.1
273127,1/8/16 00:00,1/8/16 00:00,5.38,25:57.1
385523,1/8/16 03:00,1/8/16 03:00,5.39,25:57.1
223392,1/8/16 06:00,1/8/16 06:00,5.39,25:57.1
206521,1/8/16 09:00,1/8/16 09:00,5.42,25:57.1
307000,1/8/16 12:00,1/8/16 12:00,5.42,25:57.1
332207,1/8/16 15:00,1/8/16 15:00,5.43,25:57.1
163530,1/8/16 18:00,1/8/16 18:00,5.43,25:57.1
102621,1/8/16 21:00,1/8/16 21:00,5.45,25:57.1
437660,1/9/16 00:00,1/9/16 00:00,5.46,25:57.1
572543,1/9/16 03:00,1/9/16 03:00,5.46,25:57.1
650447,1/9/16 06:00,1/9/16 06:00,5.46,25:57.1
644854,1/9/16 09:00,1/9/16 09:00,5.46,25:57.1
176925,1/9/16 12:00,1/9/16 12:00,5.46,25:57.1
184493,1/9/16 15:00,1/9/16 15:00,5.46,25:57.1
203898,1/9/16 18:00,1/9/16 18:00,5.48,25:57.1
217439,1/9/16 21:00,1/9/16 21:00,5.49,25:57.1
232401,1/10/16 00:00,1/10/16 00:00,5.49,25:57.1
236316,1/10/16 03:00,1/10/16 03:00,5.49,25:57.1
238282,1/10/16 06:00,1/10/16 06:00,5.49,25:57.1
243053,1/10/16 09:00,1/10/16 09:00,5.51,25:57.1
278903,1/10/16 12:00,1/10/16 12:00,5.52,25:57.1
275739,1/10/16 15:00,1/10/16 15:00,5.52,25:57.1
377717,1/10/16 18:00,1/10/16 18:00,5.52,25:57.1
290509,1/10/16 21:00,1/10/16 21:00,5.52,25:57.1
398479,1/11/16 00:00,1/11/16 00:00,5.52,25:57.1
355645,1/11/16 03:00,1/11/16 03:00,5.52,25:57.1
298080,1/11/16 06:00,1/11/16 06:00,5.52,25:57.1
273350,1/11/16 09:00,1/11/16 09:00,5.53,25:57.1
113185,1/11/16 12:00,1/11/16 12:00,5.53,25:57.1
388469,1/11/16 15:00,1/11/16 15:00,5.53,25:57.1
362632,1/11/16 18:00,1/11/16 18:00,5.54,25:57.1
391831,1/11/16 21:00,1/11/16 21:00,5.55,25:57.1
269903,1/12/16 00:00,1/12/16 00:00,5.55,25:57.1
298834,1/12/16 03:00,1/12/16 03:00,5.55,25:57.1
286474,1/12/16 06:00,1/12/16 06:00,5.55,25:57.1
289100,1/12/16 09:00,1/12/16 09:00,5.55,25:57.1
298103,1/12/16 12:00,1/12/16 12:00,5.55,25:57.1
360711,1/12/16 15:00,1/12/16 15:00,5.55,25:57.1
303962,1/12/16 18:00,1/12/16 18:00,5.55,25:57.1
344904,1/13/16 00:00,1/13/16 00:00,5.55,25:57.1
410672,1/13/16 03:00,1/13/16 03:00,5.55,25:57.1
301806,1/13/16 06:00,1/13/16 06:00,5.55,25:57.1
164045,1/13/16 09:00,1/13/16 09:00,5.52,25:57.1
186685,1/13/16 12:00,1/13/16 12:00,5.52,25:57.1
222487,1/13/16 15:00,1/13/16 15:00,5.52,25:57.1
306967,1/13/16 18:00,1/13/16 18:00,5.52,25:57.1
332068,1/14/16 00:00,1/14/16 00:00,5.52,25:57.1
405614,1/14/16 03:00,1/14/16 03:00,5.52,25:57.1
185917,1/14/16 06:00,1/14/16 06:00,5.52,25:57.1
298489,1/14/16 09:00,1/14/16 09:00,5.54,25:57.1
330321,1/14/16 12:00,1/14/16 12:00,5.54,25:57.1
406233,1/14/16 15:00,1/14/16 15:00,5.54,25:57.1
239024,1/14/16 18:00,1/14/16 18:00,5.54,25:57.1
195073,1/14/16 21:00,1/14/16 21:00,5.54,25:57.1
399683,1/15/16 00:00,1/15/16 00:00,5.54,25:57.1
330423,1/15/16 03:00,1/15/16 03:00,5.54,25:57.1
284485,1/15/16 06:00,1/15/16 06:00,5.54,25:57.1
300092,1/15/16 09:00,1/15/16 09:00,5.53,25:57.1
349481,1/16/16 04:00,1/16/16 04:00,5.53,25:57.1
349526,1/17/16 04:00,1/17/16 04:00,5.54,25:57.1
349565,1/18/16 04:00,1/18/16 04:00,5.52,25:57.1
360265,1/19/16 04:00,1/19/16 04:00,5.49,25:57.1
366160,1/20/16 04:00,1/20/16 04:00,5.52,25:57.1
221719,1/21/16 09:00,1/21/16 09:00,5.54,25:57.1
388810,1/21/16 15:00,1/21/16 15:00,5.54,25:57.1
228467,1/21/16 21:00,1/21/16 21:00,5.54,25:57.1
373158,1/22/16 00:00,1/22/16 00:00,5.54,25:57.1
248355,1/22/16 03:00,1/22/16 03:00,5.54,25:57.1
95963,1/22/16 06:00,1/22/16 06:00,5.54,25:57.1
339908,1/22/16 09:00,1/22/16 09:00,5.54,25:57.1
278666,1/22/16 12:00,1/22/16 12:00,5.54,25:57.1
257283,1/22/16 15:00,1/22/16 15:00,5.54,25:57.1
202691,1/22/16 18:00,1/22/16 18:00,5.54,25:57.1
179941,1/22/16 21:00,1/22/16 21:00,5.53,25:57.1
399616,1/23/16 00:00,1/23/16 00:00,5.53,25:57.1
533301,1/24/16 04:00,1/24/16 04:00,5.4,25:57.1
390984,1/25/16 09:00,1/25/16 09:00,5.42,25:57.1
310523,1/25/16 12:00,1/25/16 12:00,5.42,25:57.1
329161,1/25/16 15:00,1/25/16 15:00,5.41,25:57.1
276364,1/25/16 18:00,1/25/16 18:00,5.41,25:57.1
226065,1/25/16 21:00,1/25/16 21:00,5.41,25:57.1
365223,1/26/16 00:00,1/26/16 00:00,5.41,25:57.1
365326,1/26/16 03:00,1/26/16 03:00,5.41,25:57.1
172459,1/26/16 06:00,1/26/16 06:00,5.41,25:57.1
179029,1/26/16 09:00,1/26/16 09:00,5.42,25:57.1
195195,1/26/16 12:00,1/26/16 12:00,5.42,25:57.1
246184,1/26/16 15:00,1/26/16 15:00,5.42,25:57.1
199639,1/26/16 18:00,1/26/16 18:00,5.42,25:57.1
576660,1/26/16 21:00,1/26/16 21:00,5.42,25:57.1
631562,1/27/16 00:00,1/27/16 00:00,5.42,25:57.1
433050,1/27/16 03:00,1/27/16 03:00,5.42,25:57.1
529309,1/27/16 06:00,1/27/16 06:00,5.42,25:57.1
655304,1/27/16 09:00,1/27/16 09:00,5.48,25:57.1
519748,1/27/16 12:00,1/27/16 12:00,5.48,25:57.1
566518,1/27/16 15:00,1/27/16 15:00,5.48,25:57.1
655116,1/27/16 18:00,1/27/16 18:00,5.48,25:57.1
520505,1/27/16 21:00,1/27/16 21:00,5.48,25:57.1
642252,1/28/16 00:00,1/28/16 00:00,5.48,25:57.1
522956,1/28/16 03:00,1/28/16 03:00,5.48,25:57.1
547349,1/28/16 06:00,1/28/16 06:00,5.48,25:57.1
656025,1/28/16 09:00,1/28/16 09:00,5.5,25:57.1
530593,1/28/16 12:00,1/28/16 12:00,5.5,25:57.1
661510,1/28/16 15:00,1/28/16 15:00,5.5,25:57.1
505403,1/28/16 18:00,1/28/16 18:00,5.5,25:57.1
652548,1/28/16 21:00,1/28/16 21:00,5.49,25:57.1
521889,1/29/16 00:00,1/29/16 00:00,5.49,25:57.1
644925,1/29/16 03:00,1/29/16 03:00,5.49,25:57.1
498888,1/29/16 06:00,1/29/16 06:00,5.49,25:57.1
619026,1/29/16 09:00,1/29/16 09:00,5.46,25:57.1
633941,1/29/16 12:00,1/29/16 12:00,5.46,25:57.1
658578,1/29/16 15:00,1/29/16 15:00,5.46,25:57.1
608882,1/29/16 18:00,1/29/16 18:00,5.46,25:57.1
652571,1/30/16 00:00,1/30/16 00:00,5.46,25:57.1
651854,1/30/16 06:00,1/30/16 06:00,5.46,25:57.1
651548,1/30/16 09:00,1/30/16 09:00,5.42,25:57.1
570750,1/30/16 12:00,1/30/16 12:00,5.42,25:57.1
567504,1/30/16 15:00,1/30/16 15:00,5.42,25:57.1
565862,1/30/16 18:00,1/30/16 18:00,5.42,25:57.1
579778,1/30/16 21:00,1/30/16 21:00,5.42,25:57.1
607744,1/31/16 00:00,1/31/16 00:00,5.42,25:57.1
565576,1/31/16 03:00,1/31/16 03:00,5.42,25:57.1
536405,1/31/16 06:00,1/31/16 06:00,5.42,25:57.1
521025,1/31/16 09:00,1/31/16 09:00,5.42,25:57.1
654756,1/31/16 12:00,1/31/16 12:00,5.42,25:57.1
308140,1/31/16 15:00,1/31/16 15:00,5.42,25:57.1
396909,1/31/16 18:00,1/31/16 18:00,5.42,25:57.1
206503,1/31/16 21:00,1/31/16 21:00,5.42,25:57.1
327456,2/1/16 00:00,2/1/16 00:00,5.42,25:57.1
176190,2/1/16 03:00,2/1/16 03:00,5.42,25:57.1
294800,2/1/16 06:00,2/1/16 06:00,5.42,25:57.1
176429,2/1/16 09:00,2/1/16 09:00,5.42,25:57.1
330731,2/1/16 12:00,2/1/16 12:00,5.42,25:57.1
266370,2/1/16 15:00,2/1/16 15:00,5.42,25:57.1
101820,2/1/16 18:00,2/1/16 18:00,5.42,25:57.1
302241,2/1/16 21:00,2/1/16 21:00,5.42,25:57.1
164805,2/2/16 00:00,2/2/16 00:00,5.42,25:57.1
335666,2/2/16 03:00,2/2/16 03:00,5.42,25:57.1
187437,2/2/16 06:00,2/2/16 06:00,5.42,25:57.1
113858,2/2/16 09:00,2/2/16 09:00,5.42,25:57.1
93294,2/2/16 12:00,2/2/16 12:00,5.42,25:57.1
309958,2/2/16 15:00,2/2/16 15:00,5.42,25:57.1
335603,2/2/16 18:00,2/2/16 18:00,5.42,25:57.1
307440,2/2/16 21:00,2/2/16 21:00,5.42,25:57.1
94404,2/3/16 00:00,2/3/16 00:00,5.42,25:57.1
346792,2/3/16 03:00,2/3/16 03:00,5.42,25:57.1
174140,2/3/16 06:00,2/3/16 06:00,5.42,25:57.1
318545,2/3/16 09:00,2/3/16 09:00,5.4,25:57.1
172769,2/3/16 12:00,2/3/16 12:00,5.4,25:57.1
354524,2/3/16 15:00,2/3/16 15:00,5.4,25:57.1
276352,2/3/16 18:00,2/3/16 18:00,5.4,25:57.1
103080,2/3/16 21:00,2/3/16 21:00,5.4,25:57.1
291751,2/4/16 00:00,2/4/16 00:00,5.4,25:57.1
172025,2/4/16 03:00,2/4/16 03:00,5.4,25:57.1
303809,2/4/16 06:00,2/4/16 06:00,5.4,25:57.1
302439,2/4/16 09:00,2/4/16 09:00,5.42,25:57.1
360938,2/4/16 12:00,2/4/16 12:00,5.42,25:57.1
286362,2/4/16 15:00,2/4/16 15:00,5.42,25:57.1
210840,2/4/16 18:00,2/4/16 18:00,5.42,25:57.1
402811,2/4/16 21:00,2/4/16 21:00,5.42,25:57.1
361310,2/5/16 00:00,2/5/16 00:00,5.42,25:57.1
346873,2/5/16 03:00,2/5/16 03:00,5.42,25:57.1
392741,2/5/16 06:00,2/5/16 06:00,5.42,25:57.1
359458,2/5/16 12:00,2/5/16 12:00,5.42,25:57.1
412863,2/5/16 15:00,2/5/16 15:00,5.42,25:57.1
203687,2/5/16 18:00,2/5/16 18:00,5.42,25:57.1
301955,2/5/16 21:00,2/5/16 21:00,5.42,25:57.1
230687,2/6/16 00:00,2/6/16 00:00,5.42,25:57.1
300992,2/6/16 03:00,2/6/16 03:00,5.42,25:57.1
256528,2/6/16 06:00,2/6/16 06:00,5.42,25:57.1
383355,2/6/16 09:00,2/6/16 09:00,5.4,25:57.1
331181,2/6/16 12:00,2/6/16 12:00,5.4,25:57.1
300615,2/6/16 15:00,2/6/16 15:00,5.4,25:57.1
439892,2/6/16 18:00,2/6/16 18:00,5.4,25:57.1
531303,2/6/16 21:00,2/6/16 21:00,5.4,25:57.1
628075,2/7/16 00:00,2/7/16 00:00,5.4,25:57.1
469229,2/7/16 03:00,2/7/16 03:00,5.4,25:57.1
537203,2/7/16 06:00,2/7/16 06:00,5.4,25:57.1
645974,2/7/16 09:00,2/7/16 09:00,5.42,25:57.1
652742,2/7/16 12:00,2/7/16 12:00,5.42,25:57.1
533615,2/7/16 15:00,2/7/16 15:00,5.42,25:57.1
248794,2/7/16 18:00,2/7/16 18:00,5.42,25:57.1
346517,2/7/16 21:00,2/7/16 21:00,5.42,25:57.1
199680,2/8/16 00:00,2/8/16 00:00,5.42,25:57.1
328709,2/8/16 03:00,2/8/16 03:00,5.42,25:57.1
403354,2/8/16 06:00,2/8/16 06:00,5.42,25:57.1
346459,2/8/16 09:00,2/8/16 09:00,5.44,25:57.1
90976,2/8/16 12:00,2/8/16 12:00,5.44,25:57.1
271459,2/8/16 15:00,2/8/16 15:00,5.44,25:57.1
177013,2/8/16 18:00,2/8/16 18:00,5.44,25:57.1
345545,2/8/16 21:00,2/8/16 21:00,5.44,25:57.1
245476,2/9/16 00:00,2/9/16 00:00,5.44,25:57.1
385622,2/9/16 03:00,2/9/16 03:00,5.44,25:57.1
249915,2/9/16 06:00,2/9/16 06:00,5.44,25:57.1
231120,2/9/16 09:00,2/9/16 09:00,5.44,25:57.1
354526,2/9/16 12:00,2/9/16 12:00,5.44,25:57.1
306440,2/9/16 15:00,2/9/16 15:00,5.44,25:57.1
98144,2/9/16 18:00,2/9/16 18:00,5.44,25:57.1
329725,2/9/16 21:00,2/9/16 21:00,5.44,25:57.1
96185,2/10/16 00:00,2/10/16 00:00,5.44,25:57.1
256948,2/10/16 03:00,2/10/16 03:00,5.44,25:57.1
318032,2/10/16 06:00,2/10/16 06:00,5.44,25:57.1
311626,2/10/16 09:00,2/10/16 09:00,5.4,25:57.1
349079,2/10/16 12:00,2/10/16 12:00,5.4,25:57.1
281610,2/10/16 15:00,2/10/16 15:00,5.4,25:57.1
402889,2/10/16 18:00,2/10/16 18:00,5.4,25:57.1
322651,2/10/16 21:00,2/10/16 21:00,5.4,25:57.1
111750,2/11/16 00:00,2/11/16 00:00,5.4,25:57.1
104870,2/11/16 03:00,2/11/16 03:00,5.4,25:57.1
314685,2/11/16 06:00,2/11/16 06:00,5.4,25:57.1
169863,2/11/16 09:00,2/11/16 09:00,5.43,25:57.1
325832,2/11/16 12:00,2/11/16 12:00,5.43,25:57.1
264235,2/11/16 15:00,2/11/16 15:00,5.43,25:57.1
69552,2/11/16 18:00,2/11/16 18:00,5.43,25:57.1
177717,2/11/16 21:00,2/11/16 21:00,5.43,25:57.1
309516,2/12/16 00:00,2/12/16 00:00,5.43,25:57.1
385824,2/12/16 03:00,2/12/16 03:00,5.43,25:57.1
170503,2/12/16 06:00,2/12/16 06:00,5.43,25:57.1
187658,2/12/16 09:00,2/12/16 09:00,5.42,25:57.1
216654,2/12/16 12:00,2/12/16 12:00,5.42,25:57.1
383946,2/12/16 15:00,2/12/16 15:00,5.42,25:57.1
300275,2/12/16 18:00,2/12/16 18:00,5.42,25:57.1
181606,2/12/16 21:00,2/12/16 21:00,5.42,25:57.1
322227,2/13/16 00:00,2/13/16 00:00,5.42,25:57.1
293710,2/14/16 04:00,2/14/16 04:00,5.4,25:57.1
197479,2/15/16 18:00,2/15/16 18:00,5.34,25:57.1
351732,2/15/16 21:00,2/15/16 21:00,5.34,25:57.1
263884,2/16/16 00:00,2/16/16 00:00,5.34,25:57.1
362733,2/16/16 03:00,2/16/16 03:00,5.34,25:57.1
232516,2/16/16 06:00,2/16/16 06:00,5.34,25:57.1
380792,2/16/16 09:00,2/16/16 09:00,5.32,25:57.1
251141,2/16/16 15:00,2/16/16 15:00,5.32,25:57.1
385417,2/16/16 18:00,2/16/16 18:00,5.32,25:57.1
348672,2/16/16 21:00,2/16/16 21:00,5.32,25:57.1
298084,2/17/16 00:00,2/17/16 00:00,5.32,25:57.1
210621,2/17/16 03:00,2/17/16 03:00,5.32,25:57.1
303364,2/17/16 06:00,2/17/16 06:00,5.32,25:57.1
182495,2/17/16 09:00,2/17/16 09:00,5.35,25:57.1
302030,2/17/16 12:00,2/17/16 12:00,5.35,25:57.1
379480,2/17/16 15:00,2/17/16 15:00,5.35,25:57.1
300417,2/17/16 18:00,2/17/16 18:00,5.35,25:57.1
392134,2/17/16 21:00,2/17/16 21:00,5.35,25:57.1
297930,2/18/16 00:00,2/18/16 00:00,5.35,25:57.1
101924,2/18/16 03:00,2/18/16 03:00,5.35,25:57.1
272135,2/18/16 06:00,2/18/16 06:00,5.35,25:57.1
197701,2/18/16 09:00,2/18/16 09:00,5.32,25:57.1
350842,2/18/16 12:00,2/18/16 12:00,5.32,25:57.1
216334,2/18/16 15:00,2/18/16 15:00,5.32,25:57.1
402913,2/18/16 18:00,2/18/16 18:00,5.32,25:57.1
334880,2/18/16 21:00,2/18/16 21:00,5.32,25:57.1
178545,2/19/16 03:00,2/19/16 03:00,5.32,25:57.1
339498,2/19/16 06:00,2/19/16 06:00,5.32,25:57.1
298105,2/19/16 09:00,2/19/16 09:00,5.32,25:57.1
100207,2/19/16 12:00,2/19/16 12:00,5.34,25:57.1
318863,2/19/16 15:00,2/19/16 15:00,5.34,25:57.1
349184,2/19/16 21:00,2/19/16 21:00,5.35,25:57.1
194762,2/20/16 00:00,2/20/16 00:00,5.35,25:57.1
335011,2/20/16 03:00,2/20/16 03:00,5.35,25:57.1
169861,2/20/16 06:00,2/20/16 06:00,5.35,25:57.1
383654,2/20/16 09:00,2/20/16 09:00,5.43,25:57.1
287377,2/20/16 12:00,2/20/16 12:00,5.43,25:57.1
104543,2/20/16 15:00,2/20/16 15:00,5.43,25:57.1
93966,2/20/16 18:00,2/20/16 18:00,5.43,25:57.1
288642,2/20/16 21:00,2/20/16 21:00,5.43,25:57.1
161620,2/21/16 00:00,2/21/16 00:00,5.43,25:57.1
379519,2/21/16 03:00,2/21/16 03:00,5.43,25:57.1
212923,2/21/16 06:00,2/21/16 06:00,5.43,25:57.1
374982,2/21/16 09:00,2/21/16 09:00,5.4,25:57.1
79875,2/21/16 12:00,2/21/16 12:00,5.4,25:57.1
323683,2/21/16 15:00,2/21/16 15:00,5.4,25:57.1
253176,2/21/16 18:00,2/21/16 18:00,5.4,25:57.1
320651,2/21/16 21:00,2/21/16 21:00,5.4,25:57.1
178873,2/22/16 00:00,2/22/16 00:00,5.4,25:57.1
365529,2/22/16 03:00,2/22/16 03:00,5.4,25:57.1
204108,2/22/16 06:00,2/22/16 06:00,5.4,25:57.1
243278,2/22/16 09:00,2/22/16 09:00,5.39,25:57.1
265557,2/22/16 12:00,2/22/16 12:00,5.39,25:57.1
164808,2/22/16 15:00,2/22/16 15:00,5.39,25:57.1
324795,2/22/16 18:00,2/22/16 18:00,5.39,25:57.1
197705,2/22/16 21:00,2/22/16 21:00,5.39,25:57.1
183503,2/23/16 00:00,2/23/16 00:00,5.39,25:57.1
409977,2/23/16 03:00,2/23/16 03:00,5.39,25:57.1
288646,2/23/16 06:00,2/23/16 06:00,5.39,25:57.1
409766,2/23/16 09:00,2/23/16 09:00,5.38,25:57.1
282325,2/23/16 12:00,2/23/16 12:00,5.38,25:57.1
274613,2/23/16 15:00,2/23/16 15:00,5.38,25:57.1
361001,2/23/16 18:00,2/23/16 18:00,5.38,25:57.1
200232,2/23/16 21:00,2/23/16 21:00,5.38,25:57.1
404899,2/24/16 00:00,2/24/16 00:00,5.38,25:57.1
112620,2/24/16 03:00,2/24/16 03:00,5.38,25:57.1
381814,2/24/16 06:00,2/24/16 06:00,5.38,25:57.1
300690,2/24/16 09:00,2/24/16 09:00,5.35,25:57.1
169083,2/24/16 12:00,2/24/16 12:00,5.35,25:57.1
401704,2/24/16 15:00,2/24/16 15:00,5.35,25:57.1
350520,2/24/16 18:00,2/24/16 18:00,5.35,25:57.1
285587,2/24/16 21:00,2/24/16 21:00,5.35,25:57.1
386401,2/25/16 00:00,2/25/16 00:00,5.35,25:57.1
278342,2/25/16 03:00,2/25/16 03:00,5.35,25:57.1
216125,2/25/16 06:00,2/25/16 06:00,5.35,25:57.1
256547,2/25/16 09:00,2/25/16 09:00,5.26,25:57.1
385145,2/25/16 12:00,2/25/16 12:00,5.26,25:57.1
91857,2/25/16 18:00,2/25/16 18:00,5.26,25:57.1
321402,2/25/16 21:00,2/25/16 21:00,5.26,25:57.1
311401,2/26/16 00:00,2/26/16 00:00,5.26,25:57.1
308370,2/26/16 06:00,2/26/16 06:00,5.26,25:57.1
359653,2/26/16 12:00,2/26/16 12:00,5.27,25:57.1
201138,2/26/16 18:00,2/26/16 18:00,5.27,25:57.1
307075,2/27/16 00:00,2/27/16 00:00,5.27,25:57.1
308783,2/27/16 03:00,2/27/16 03:00,5.27,25:57.1
335850,2/27/16 06:00,2/27/16 06:00,5.27,25:57.1
116050,2/27/16 12:00,2/27/16 12:00,5.26,25:57.1
238133,2/27/16 15:00,2/27/16 15:00,5.26,25:57.1
247038,2/27/16 18:00,2/27/16 18:00,5.26,25:57.1
360941,2/27/16 21:00,2/27/16 21:00,5.26,25:57.1
195188,2/28/16 00:00,2/28/16 00:00,5.26,25:57.1
177499,2/28/16 06:00,2/28/16 06:00,5.26,25:57.1
279015,2/28/16 09:00,2/28/16 09:00,5.26,25:57.1
283969,2/28/16 12:00,2/28/16 12:00,5.26,25:57.1
350841,2/28/16 18:00,2/28/16 18:00,5.26,25:57.1
95293,2/29/16 00:00,2/29/16 00:00,5.26,25:57.1
345649,2/29/16 03:00,2/29/16 03:00,5.26,25:57.1
98772,2/29/16 06:00,2/29/16 06:00,5.26,25:57.1
246375,2/29/16 12:00,2/29/16 12:00,5.26,25:57.1
207067,2/29/16 15:00,2/29/16 15:00,5.26,25:57.1
140218,2/29/16 18:00,2/29/16 18:00,5.26,25:57.1
373389,3/1/16 00:00,3/1/16 00:00,5.26,25:57.1
327169,3/1/16 06:00,3/1/16 06:00,5.28,25:57.1
288296,3/1/16 12:00,3/1/16 12:00,5.25,25:57.1
294123,3/1/16 18:00,3/1/16 18:00,5.25,25:57.1
301069,3/2/16 00:00,3/2/16 00:00,5.25,25:57.1
296891,3/2/16 06:00,3/2/16 06:00,5.25,25:57.1
331025,3/2/16 12:00,3/2/16 12:00,5.28,25:57.1
180885,3/2/16 15:00,3/2/16 15:00,5.28,25:57.1
182504,3/2/16 18:00,3/2/16 18:00,5.28,25:57.1
295158,3/3/16 00:00,3/3/16 00:00,5.28,25:57.1
190054,3/3/16 06:00,3/3/16 06:00,5.28,25:57.1
306511,3/3/16 09:00,3/3/16 09:00,5.22,25:57.1
220168,3/3/16 12:00,3/3/16 12:00,5.22,25:57.1
367341,3/3/16 15:00,3/3/16 15:00,5.22,25:57.1
281056,3/3/16 18:00,3/3/16 18:00,5.22,25:57.1
234083,3/4/16 00:00,3/4/16 00:00,5.22,25:57.1
271123,3/4/16 06:00,3/4/16 06:00,5.22,25:57.1
278117,3/4/16 12:00,3/4/16 12:00,5.19,25:57.1
388819,3/4/16 18:00,3/4/16 18:00,5.19,25:57.1
169532,3/5/16 00:00,3/5/16 00:00,5.19,25:57.1
381102,3/5/16 06:00,3/5/16 06:00,5.19,25:57.1
343608,3/5/16 12:00,3/5/16 12:00,5.14,25:57.1
337461,3/5/16 18:00,3/5/16 18:00,5.14,25:57.1
333889,3/6/16 00:00,3/6/16 00:00,5.14,25:57.1
335057,3/6/16 06:00,3/6/16 06:00,5.14,25:57.1
372919,3/6/16 12:00,3/6/16 12:00,5.09,25:57.1
354525,3/6/16 15:00,3/6/16 15:00,5.09,25:57.1
292391,3/6/16 18:00,3/6/16 18:00,5.09,25:57.1
196483,3/6/16 21:00,3/6/16 21:00,5.09,25:57.1
331500,3/7/16 00:00,3/7/16 00:00,5.09,25:57.1
109746,3/7/16 06:00,3/7/16 06:00,5.09,25:57.1
309106,3/7/16 12:00,3/7/16 12:00,5.08,25:57.1
204773,3/7/16 18:00,3/7/16 18:00,5.08,25:57.1
335156,3/8/16 00:00,3/8/16 00:00,5.08,25:57.1
317235,3/8/16 03:00,3/8/16 03:00,5.08,25:57.1
399552,3/8/16 06:00,3/8/16 06:00,5.08,25:57.1
308215,3/8/16 12:00,3/8/16 12:00,5.06,25:57.1
380032,3/8/16 18:00,3/8/16 18:00,5.06,25:57.1
405703,3/9/16 06:00,3/9/16 06:00,5.06,25:57.1
335358,3/9/16 12:00,3/9/16 12:00,5.02,25:57.1
205974,3/9/16 18:00,3/9/16 18:00,5.02,25:57.1
265804,3/10/16 00:00,3/10/16 00:00,5.02,25:57.1
261742,3/10/16 06:00,3/10/16 06:00,5.02,25:57.1
206620,3/10/16 12:00,3/10/16 12:00,4.98,25:57.1
378123,3/11/16 00:00,3/11/16 00:00,4.98,25:57.1
369319,3/11/16 12:00,3/11/16 12:00,4.96,25:57.1
399655,3/12/16 00:00,3/12/16 00:00,4.96,25:57.1
387483,3/12/16 12:00,3/12/16 12:00,4.95,25:57.1
271350,3/13/16 00:00,3/13/16 00:00,4.95,25:57.1
254397,3/13/16 12:00,3/13/16 12:00,4.94,25:57.1
94851,3/14/16 00:00,3/14/16 00:00,4.94,25:57.1
393999,3/14/16 12:00,3/14/16 12:00,4.91,25:57.1
301112,3/15/16 00:00,3/15/16 00:00,4.91,25:57.1
388581,3/15/16 12:00,3/15/16 12:00,4.9,25:57.1
244381,3/16/16 00:00,3/16/16 00:00,4.9,25:57.1
303611,3/16/16 12:00,3/16/16 12:00,4.88,25:57.1
70206,3/17/16 00:00,3/17/16 00:00,4.88,25:57.1
110413,3/17/16 12:00,3/17/16 12:00,4.9,25:57.1
253185,3/18/16 00:00,3/18/16 00:00,4.9,25:57.1
272359,3/18/16 12:00,3/18/16 12:00,4.9,25:57.1
285896,3/19/16 04:00,3/19/16 04:00,4.9,25:57.1
286012,3/20/16 04:00,3/20/16 04:00,4.85,25:57.1
411941,3/21/16 12:00,3/21/16 12:00,4.93,25:57.1
179656,3/22/16 00:00,3/22/16 00:00,4.93,25:57.1
378430,3/22/16 12:00,3/22/16 12:00,4.92,25:57.1
275155,3/23/16 00:00,3/23/16 00:00,4.92,25:57.1
353796,3/23/16 12:00,3/23/16 12:00,4.92,25:57.1
105073,3/24/16 00:00,3/24/16 00:00,4.92,25:57.1
399037,3/24/16 12:00,3/24/16 12:00,4.94,25:57.1
289204,3/25/16 00:00,3/25/16 00:00,4.94,25:57.1
346857,3/25/16 12:00,3/25/16 12:00,4.98,25:57.1
180584,3/26/16 00:00,3/26/16 00:00,4.98,25:57.1
300630,3/26/16 12:00,3/26/16 12:00,4.99,25:57.1
398305,3/27/16 00:00,3/27/16 00:00,4.99,25:57.1
194110,3/27/16 12:00,3/27/16 12:00,5.01,25:57.1
393246,3/27/16 18:00,3/27/16 18:00,5.01,25:57.1
166943,3/28/16 00:00,3/28/16 00:00,5.01,25:57.1
234991,3/28/16 06:00,3/28/16 06:00,5.01,25:57.1
398378,3/28/16 12:00,3/28/16 12:00,5,25:57.1
321075,3/28/16 18:00,3/28/16 18:00,5,25:57.1
270903,3/29/16 00:00,3/29/16 00:00,5,25:57.1
194422,3/29/16 06:00,3/29/16 06:00,5,25:57.1
190750,3/29/16 12:00,3/29/16 12:00,5,25:57.1
311857,3/29/16 18:00,3/29/16 18:00,5,25:57.1
322880,3/30/16 00:00,3/30/16 00:00,5,25:57.1
369027,3/30/16 06:00,3/30/16 06:00,5,25:57.1
114077,3/30/16 12:00,3/30/16 12:00,5.02,25:57.1
103622,3/30/16 18:00,3/30/16 18:00,5.02,25:57.1
280040,3/31/16 00:00,3/31/16 00:00,5.02,25:57.1
212376,3/31/16 06:00,3/31/16 06:00,5.02,25:57.1
275154,3/31/16 12:00,3/31/16 12:00,5.06,25:57.1
300419,3/31/16 18:00,3/31/16 18:00,5.06,25:57.1
331906,4/1/16 00:00,4/1/16 00:00,5.06,25:57.1
383351,4/1/16 06:00,4/1/16 06:00,5.06,25:57.1
203700,4/1/16 12:00,4/1/16 12:00,5.06,25:57.1
334926,4/2/16 04:00,4/2/16 04:00,5.06,25:57.1
334968,4/3/16 04:00,4/3/16 04:00,5.15,25:57.1
223150,4/4/16 06:00,4/4/16 06:00,5.1,25:57.1
304613,4/4/16 12:00,4/4/16 12:00,5.13,25:57.1
342505,4/4/16 18:00,4/4/16 18:00,5.13,25:57.1
297989,4/5/16 00:00,4/5/16 00:00,5.13,25:57.1
300613,4/5/16 06:00,4/5/16 06:00,5.13,25:57.1
262660,4/5/16 18:00,4/5/16 18:00,5.13,25:57.1
181515,4/6/16 00:00,4/6/16 00:00,5.13,25:57.1
166082,4/6/16 06:00,4/6/16 06:00,5.13,25:57.1
333136,4/6/16 12:00,4/6/16 12:00,5.11,25:57.1
163941,4/6/16 18:00,4/6/16 18:00,5.11,25:57.1
307748,4/7/16 00:00,4/7/16 00:00,5.11,25:57.1
172236,4/7/16 06:00,4/7/16 06:00,5.11,25:57.1
306049,4/7/16 12:00,4/7/16 12:00,5.13,25:57.1
107441,4/7/16 18:00,4/7/16 18:00,5.13,25:57.1
371843,4/8/16 00:00,4/8/16 00:00,5.13,25:57.1
399925,4/8/16 06:00,4/8/16 06:00,5.13,25:57.1
390104,4/8/16 12:00,4/8/16 12:00,5.16,25:57.1
364090,4/8/16 18:00,4/8/16 18:00,5.16,25:57.1
309110,4/9/16 00:00,4/9/16 00:00,5.16,25:57.1
402137,4/9/16 06:00,4/9/16 06:00,5.16,25:57.1
223825,4/9/16 12:00,4/9/16 12:00,5.16,25:57.1
249921,4/9/16 18:00,4/9/16 18:00,5.16,25:57.1
180347,4/10/16 00:00,4/10/16 00:00,5.16,25:57.1
280509,4/10/16 06:00,4/10/16 06:00,5.16,25:57.1
246829,4/10/16 12:00,4/10/16 12:00,5.2,25:57.1
394649,4/10/16 18:00,4/10/16 18:00,5.2,25:57.1
314453,4/11/16 00:00,4/11/16 00:00,5.2,25:57.1
216779,4/11/16 06:00,4/11/16 06:00,5.2,25:57.1
301348,4/11/16 12:00,4/11/16 12:00,5.2,25:57.1
380545,4/11/16 18:00,4/11/16 18:00,5.2,25:57.1
243396,4/12/16 00:00,4/12/16 00:00,5.2,25:57.1
399583,4/12/16 06:00,4/12/16 06:00,5.2,25:57.1
324674,4/12/16 12:00,4/12/16 12:00,5.22,25:57.1
163288,4/12/16 18:00,4/12/16 18:00,5.22,25:57.1
407287,4/13/16 00:00,4/13/16 00:00,5.22,25:57.1
99322,4/13/16 06:00,4/13/16 06:00,5.22,25:57.1
307055,4/13/16 09:00,4/13/16 09:00,5.3,25:57.1
160662,4/13/16 12:00,4/13/16 12:00,5.3,25:57.1
193123,4/13/16 15:00,4/13/16 15:00,5.32,25:57.1
277668,4/13/16 18:00,4/13/16 18:00,5.32,25:57.1
54326,4/13/16 21:00,4/13/16 21:00,5.32,25:57.1
302243,4/14/16 00:00,4/14/16 00:00,5.32,25:57.1
185946,4/14/16 03:00,4/14/16 03:00,5.32,25:57.1
303407,4/14/16 06:00,4/14/16 06:00,5.32,25:57.1
204757,4/14/16 09:00,4/14/16 09:00,5.3,25:57.1
402070,4/14/16 12:00,4/14/16 12:00,5.3,25:57.1
371609,4/14/16 15:00,4/14/16 15:00,5.3,25:57.1
307569,4/14/16 16:00,4/14/16 16:00,5.3,25:57.1
300188,4/15/16 00:00,4/15/16 00:00,5.3,25:57.1
194768,4/15/16 03:00,4/15/16 03:00,5.3,25:57.1
112865,4/15/16 06:00,4/15/16 06:00,5.29,25:57.1
298148,4/15/16 09:00,4/15/16 09:00,5.32,25:57.1
279585,4/15/16 12:00,4/15/16 12:00,5.32,25:57.1
221845,4/15/16 15:00,4/15/16 15:00,5.32,25:57.1
314244,4/15/16 18:00,4/15/16 18:00,5.35,25:57.1
298547,4/15/16 21:00,4/15/16 21:00,5.35,25:57.1
329676,4/16/16 00:00,4/16/16 00:00,5.35,25:57.1
400262,4/16/16 03:00,4/16/16 03:00,5.35,25:57.1
395433,4/16/16 06:00,4/16/16 06:00,5.35,25:57.1
402003,4/16/16 09:00,4/16/16 09:00,5.32,25:57.1
298186,4/16/16 12:00,4/16/16 12:00,5.33,25:57.1
302885,4/16/16 15:00,4/16/16 15:00,5.33,25:57.1
398980,4/16/16 18:00,4/16/16 18:00,5.31,25:57.1
303844,4/16/16 21:00,4/16/16 21:00,5.31,25:57.1
187804,4/17/16 00:00,4/17/16 00:00,5.31,25:57.1
346806,4/17/16 03:00,4/17/16 03:00,5.31,25:57.1
217890,4/17/16 06:00,4/17/16 06:00,5.31,25:57.1
218327,4/17/16 09:00,4/17/16 09:00,5.32,25:57.1
363785,4/17/16 12:00,4/17/16 12:00,5.32,25:57.1
298145,4/17/16 15:00,4/17/16 15:00,5.32,25:57.1
231773,4/17/16 18:00,4/17/16 18:00,5.32,25:57.1
387910,4/17/16 21:00,4/17/16 21:00,5.32,25:57.1
410180,4/18/16 00:00,4/18/16 00:00,5.32,25:57.1
303978,4/18/16 03:00,4/18/16 03:00,5.32,25:57.1
304689,4/18/16 06:00,4/18/16 06:00,5.32,25:57.1
176349,4/18/16 09:00,4/18/16 09:00,5.3,25:57.1
192514,4/18/16 12:00,4/18/16 12:00,5.3,25:57.1
169426,4/18/16 15:00,4/18/16 15:00,5.3,25:57.1
223956,4/18/16 18:00,4/18/16 18:00,5.3,25:57.1
402928,4/18/16 21:00,4/18/16 21:00,5.3,25:57.1
218653,4/19/16 00:00,4/19/16 00:00,5.3,25:57.1
222653,4/19/16 03:00,4/19/16 03:00,5.3,25:57.1
389157,4/19/16 06:00,4/19/16 06:00,5.3,25:57.1
404329,4/19/16 09:00,4/19/16 09:00,5.3,25:57.1
188621,4/19/16 12:00,4/19/16 12:00,5.3,25:57.1
202684,4/19/16 15:00,4/19/16 15:00,5.3,25:57.1
401703,4/19/16 18:00,4/19/16 18:00,5.3,25:57.1
335278,4/19/16 21:00,4/19/16 21:00,5.28,25:57.1
206844,4/20/16 00:00,4/20/16 00:00,5.28,25:57.1
255402,4/20/16 06:00,4/20/16 06:00,5.28,25:57.1
93506,4/20/16 12:00,4/20/16 12:00,5.28,25:57.1
390111,4/20/16 18:00,4/20/16 18:00,5.28,25:57.1
173275,4/21/16 00:00,4/21/16 00:00,5.28,25:57.1
237571,4/21/16 06:00,4/21/16 06:00,5.28,25:57.1
335112,4/21/16 12:00,4/21/16 12:00,5.28,25:57.1
284702,4/21/16 18:00,4/21/16 18:00,5.28,25:57.1
231479,4/22/16 00:00,4/22/16 00:00,5.28,25:57.1
239630,4/22/16 06:00,4/22/16 06:00,5.28,25:57.1
268103,4/22/16 09:00,4/22/16 09:00,5.3,25:57.1
400826,4/22/16 12:00,4/22/16 12:00,5.3,25:57.1
328632,4/22/16 15:00,4/22/16 15:00,5.3,25:57.1
209217,4/22/16 18:00,4/22/16 18:00,5.32,25:57.1
328728,4/23/16 00:00,4/23/16 00:00,5.32,25:57.1
241523,4/23/16 03:00,4/23/16 03:00,5.32,25:57.1
360936,4/23/16 06:00,4/23/16 06:00,5.32,25:57.1
349527,4/23/16 09:00,4/23/16 09:00,5.3,25:57.1
211602,4/23/16 12:00,4/23/16 12:00,5.3,25:57.1
286924,4/23/16 15:00,4/23/16 15:00,5.3,25:57.1
303453,4/23/16 18:00,4/23/16 18:00,5.29,25:57.1
303406,4/24/16 00:00,4/24/16 00:00,5.29,25:57.1
401846,4/24/16 06:00,4/24/16 06:00,5.29,25:57.1
213925,4/24/16 12:00,4/24/16 12:00,5.25,25:57.1
331909,4/24/16 18:00,4/24/16 18:00,5.25,25:57.1
439123,4/25/16 00:00,4/25/16 00:00,5.2,25:57.1
237001,4/25/16 06:00,4/25/16 06:00,5.2,25:57.1
292382,4/25/16 12:00,4/25/16 12:00,5.18,25:57.1
358204,4/25/16 18:00,4/25/16 18:00,5.18,25:57.1
115855,4/26/16 00:00,4/26/16 00:00,5.18,25:57.1
256737,4/26/16 06:00,4/26/16 06:00,5.18,25:57.1
104133,4/26/16 12:00,4/26/16 12:00,5.18,25:57.1
550108,4/26/16 18:00,4/26/16 18:00,5.18,25:57.1
535902,4/27/16 00:00,4/27/16 00:00,5.18,25:57.1
446327,4/27/16 06:00,4/27/16 06:00,5.18,25:57.1
644883,4/27/16 12:00,4/27/16 12:00,5.2,25:57.1
582260,4/27/16 18:00,4/27/16 18:00,5.2,25:57.1
586117,4/28/16 00:00,4/28/16 00:00,5.2,25:57.1
554261,4/28/16 06:00,4/28/16 06:00,5.2,25:57.1
644765,4/28/16 12:00,4/28/16 12:00,5.22,25:57.1
656339,4/28/16 18:00,4/28/16 18:00,5.22,25:57.1
369913,4/29/16 00:00,4/29/16 00:00,5.22,25:57.1
361202,4/29/16 06:00,4/29/16 06:00,5.22,25:57.1
116172,4/29/16 12:00,4/29/16 12:00,5.24,25:57.1
255075,4/30/16 00:00,4/30/16 00:00,5.24,25:57.1
164812,4/30/16 06:00,4/30/16 06:00,5.24,25:57.1
194674,4/30/16 12:00,4/30/16 12:00,5.21,25:57.1
314110,4/30/16 18:00,4/30/16 18:00,5.21,25:57.1
482104,5/1/16 00:00,5/1/16 00:00,5.21,25:57.1
645670,5/1/16 06:00,5/1/16 06:00,5.21,25:57.1
620397,5/1/16 12:00,5/1/16 12:00,5.22,25:57.1
642473,5/1/16 18:00,5/1/16 18:00,5.22,25:57.1
611505,5/2/16 00:00,5/2/16 00:00,5.22,25:57.1
520645,5/2/16 06:00,5/2/16 06:00,5.22,25:57.1
472429,5/2/16 12:00,5/2/16 12:00,5.22,25:57.1
505629,5/2/16 18:00,5/2/16 18:00,5.22,25:57.1
359540,5/3/16 00:00,5/3/16 00:00,5.22,25:57.1
401920,5/3/16 06:00,5/3/16 06:00,5.22,25:57.1
231771,5/3/16 12:00,5/3/16 12:00,5.22,25:57.1
218855,5/3/16 18:00,5/3/16 18:00,5.22,25:57.1
210842,5/4/16 00:00,5/4/16 00:00,5.22,25:57.1
107775,5/4/16 06:00,5/4/16 06:00,5.22,25:57.1
192753,5/4/16 12:00,5/4/16 12:00,5.19,25:57.1
314033,5/4/16 18:00,5/4/16 18:00,5.19,25:57.1
442386,5/5/16 00:00,5/5/16 00:00,5.19,25:57.1
635251,5/5/16 06:00,5/5/16 06:00,5.19,25:57.1
479332,5/5/16 12:00,5/5/16 12:00,5.16,25:57.1
507829,5/5/16 18:00,5/5/16 18:00,5.16,25:57.1
441409,5/6/16 00:00,5/6/16 00:00,5.16,25:57.1
653092,5/6/16 06:00,5/6/16 06:00,5.16,25:57.1
339213,5/6/16 18:00,5/6/16 18:00,5.16,25:57.1
230555,5/7/16 00:00,5/7/16 00:00,5.16,25:57.1
399050,5/7/16 06:00,5/7/16 06:00,5.16,25:57.1
377140,5/7/16 12:00,5/7/16 12:00,5.1,25:57.1
199248,5/7/16 18:00,5/7/16 18:00,5.1,25:57.1
174823,5/8/16 00:00,5/8/16 00:00,5.1,25:57.1
166301,5/8/16 06:00,5/8/16 06:00,5.1,25:57.1
161328,5/8/16 12:00,5/8/16 12:00,5.06,25:57.1
648193,5/8/16 18:00,5/8/16 18:00,5.06,25:57.1
582183,5/9/16 00:00,5/9/16 00:00,5.06,25:57.1
500469,5/9/16 06:00,5/9/16 06:00,5.06,25:57.1
481784,5/9/16 12:00,5/9/16 12:00,5.07,25:57.1
278689,5/9/16 18:00,5/9/16 18:00,5.07,25:57.1
340872,5/10/16 00:00,5/10/16 00:00,5.07,25:57.1
391409,5/10/16 06:00,5/10/16 06:00,5.07,25:57.1
371054,5/10/16 12:00,5/10/16 12:00,5.07,25:57.1
112633,5/10/16 18:00,5/10/16 18:00,5.07,25:57.1
407502,5/11/16 00:00,5/11/16 00:00,5.07,25:57.1
271587,5/11/16 06:00,5/11/16 06:00,5.07,25:57.1
216353,5/11/16 12:00,5/11/16 12:00,5,25:57.1
644217,5/12/16 00:00,5/12/16 00:00,5,25:57.1
598195,5/12/16 06:00,5/12/16 06:00,5,25:57.1
460828,5/12/16 12:00,5/12/16 12:00,5.01,25:57.1
230552,5/12/16 18:00,5/12/16 18:00,5.01,25:57.1
304039,5/13/16 00:00,5/13/16 00:00,5.01,25:57.1
414740,5/13/16 06:00,5/13/16 06:00,5.01,25:57.1
282933,5/13/16 12:00,5/13/16 12:00,5,25:57.1
410565,5/13/16 18:00,5/13/16 18:00,5,25:57.1
403045,5/14/16 00:00,5/14/16 00:00,5,25:57.1
202739,5/14/16 06:00,5/14/16 06:00,5,25:57.1
393919,5/14/16 12:00,5/14/16 12:00,4.98,25:57.1
654720,5/15/16 00:00,5/15/16 00:00,4.98,25:57.1
607840,5/15/16 12:00,5/15/16 12:00,4.92,25:57.1
184709,5/16/16 00:00,5/16/16 00:00,4.92,25:57.1
98569,5/16/16 12:00,5/16/16 12:00,4.83,25:57.1
260660,5/17/16 00:00,5/17/16 00:00,4.83,25:57.1
232303,5/17/16 12:00,5/17/16 12:00,4.82,25:57.1
504305,5/18/16 00:00,5/18/16 00:00,4.82,25:57.1
89509,5/18/16 12:00,5/18/16 12:00,4.8,25:57.1
189341,5/19/16 00:00,5/19/16 00:00,4.8,25:57.1
206519,5/19/16 06:00,5/19/16 06:00,4.8,25:57.1
247482,5/19/16 12:00,5/19/16 12:00,4.8,25:57.1
183174,5/20/16 00:00,5/20/16 00:00,4.8,25:57.1
181966,5/20/16 12:00,5/20/16 12:00,4.78,25:57.1
265455,5/21/16 00:00,5/21/16 00:00,4.78,25:57.1
303229,5/21/16 12:00,5/21/16 12:00,4.73,25:57.1
179197,5/22/16 00:00,5/22/16 00:00,4.73,25:57.1
247612,5/22/16 12:00,5/22/16 12:00,4.68,25:57.1
610597,5/23/16 00:00,5/23/16 00:00,4.68,25:57.1
648648,5/23/16 12:00,5/23/16 12:00,4.66,25:57.1
253401,5/24/16 00:00,5/24/16 00:00,4.66,25:57.1
213671,5/24/16 12:00,5/24/16 12:00,4.64,25:57.1
311302,5/25/16 00:00,5/25/16 00:00,4.64,25:57.1
191402,5/25/16 12:00,5/25/16 12:00,4.6,25:57.1
257720,5/26/16 00:00,5/26/16 00:00,4.6,25:57.1
237900,5/26/16 12:00,5/26/16 12:00,4.54,25:57.1
280271,5/27/16 00:00,5/27/16 00:00,4.54,25:57.1
93748,5/27/16 12:00,5/27/16 12:00,4.53,25:57.1
464951,5/28/16 00:00,5/28/16 00:00,4.53,25:57.1
102027,5/28/16 12:00,5/28/16 12:00,4.5,25:57.1
250349,5/29/16 00:00,5/29/16 00:00,4.5,25:57.1
403129,5/29/16 12:00,5/29/16 12:00,4.48,25:57.1
249813,5/30/16 00:00,5/30/16 00:00,4.48,25:57.1
186732,5/30/16 12:00,5/30/16 12:00,4.44,25:57.1
95613,5/31/16 00:00,5/31/16 00:00,4.44,25:57.1
410281,5/31/16 12:00,5/31/16 12:00,4.42,25:57.1
163508,6/1/16 00:00,6/1/16 00:00,4.42,25:57.1
222161,6/1/16 12:00,6/1/16 12:00,4.39,25:57.1
289873,6/2/16 00:00,6/2/16 00:00,4.39,25:57.1
407504,6/2/16 12:00,6/2/16 12:00,4.32,25:57.1
574693,6/3/16 00:00,6/3/16 00:00,4.32,25:57.1
164913,6/3/16 12:00,6/3/16 12:00,4.28,25:57.1
102658,6/4/16 00:00,6/4/16 00:00,4.28,25:57.1
229686,6/4/16 12:00,6/4/16 12:00,4.32,25:57.1
112422,6/5/16 00:00,6/5/16 00:00,4.32,25:57.1
504539,6/5/16 12:00,6/5/16 12:00,4.29,25:57.1
345119,6/6/16 00:00,6/6/16 00:00,4.29,25:57.1
299419,6/6/16 12:00,6/6/16 12:00,4.29,25:57.1
209009,6/7/16 00:00,6/7/16 00:00,4.29,25:57.1
189585,6/7/16 12:00,6/7/16 12:00,4.29,25:57.1
622711,6/8/16 00:00,6/8/16 00:00,4.29,25:57.1
112747,6/8/16 12:00,6/8/16 12:00,4.28,25:57.1
240377,6/9/16 00:00,6/9/16 00:00,4.28,25:57.1
409345,6/9/16 12:00,6/9/16 12:00,4.23,25:57.1
240170,6/10/16 00:00,6/10/16 00:00,4.23,25:57.1
456498,6/10/16 12:00,6/10/16 12:00,4.22,25:57.1
260979,6/11/16 00:00,6/11/16 00:00,4.22,25:57.1
376257,6/11/16 12:00,6/11/16 12:00,4.18,25:57.1
95299,6/12/16 00:00,6/12/16 00:00,4.18,25:57.1
312210,6/12/16 12:00,6/12/16 12:00,4.18,25:57.1
631101,6/13/16 00:00,6/13/16 00:00,4.18,25:57.1
282632,6/13/16 12:00,6/13/16 12:00,4.2,25:57.1
164595,6/14/16 00:00,6/14/16 00:00,4.2,25:57.1
94960,6/14/16 12:00,6/14/16 12:00,4.2,25:57.1
412666,6/15/16 00:00,6/15/16 00:00,4.2,25:57.1
222376,6/15/16 12:00,6/15/16 12:00,4.2,25:57.1
287607,6/16/16 00:00,6/16/16 00:00,4.2,25:57.1
293019,6/16/16 12:00,6/16/16 12:00,4.18,25:57.1
172884,6/17/16 00:00,6/17/16 00:00,4.18,25:57.1
254521,6/17/16 12:00,6/17/16 12:00,4.17,25:57.1
551834,6/18/16 00:00,6/18/16 00:00,4.17,25:57.1
617629,6/18/16 12:00,6/18/16 12:00,4.19,25:57.1
275790,6/19/16 00:00,6/19/16 00:00,4.19,25:57.1
235764,6/19/16 12:00,6/19/16 12:00,4.18,25:57.1
105929,6/20/16 00:00,6/20/16 00:00,4.18,25:57.1
257101,6/20/16 12:00,6/20/16 12:00,4.19,25:57.1
192924,6/21/16 00:00,6/21/16 00:00,4.19,25:57.1
194491,6/21/16 12:00,6/21/16 12:00,4.18,25:57.1
114616,6/22/16 00:00,6/22/16 00:00,4.18,25:57.1
230566,6/22/16 12:00,6/22/16 12:00,4.18,25:57.1
511082,6/23/16 00:00,6/23/16 00:00,4.18,25:57.1
99921,6/23/16 12:00,6/23/16 12:00,4.21,25:57.1
107237,6/24/16 00:00,6/24/16 00:00,4.21,25:57.1
394809,6/24/16 12:00,6/24/16 12:00,4.22,25:57.1
404302,6/25/16 00:00,6/25/16 00:00,4.22,25:57.1
179222,6/25/16 12:00,6/25/16 12:00,4.23,25:57.1
161302,6/26/16 00:00,6/26/16 00:00,4.23,25:57.1
276025,6/26/16 12:00,6/26/16 12:00,4.2,25:57.1
257069,6/27/16 00:00,6/27/16 00:00,4.2,25:57.1
226610,6/27/16 12:00,6/27/16 12:00,4.3,25:57.1
624711,6/28/16 00:00,6/28/16 00:00,4.3,25:57.1
251803,6/28/16 12:00,6/28/16 12:00,4.3,25:57.1
190300,6/29/16 00:00,6/29/16 00:00,4.31,25:57.1
406651,6/29/16 12:00,6/29/16 12:00,4.3,25:57.1
266503,6/30/16 00:00,6/30/16 00:00,4.3,25:57.1
216822,6/30/16 12:00,6/30/16 12:00,4.3,25:57.1
359643,7/1/16 00:00,7/1/16 00:00,4.3,25:57.1
89457,7/1/16 12:00,7/1/16 12:00,4.28,25:57.1
251268,7/2/16 00:00,7/2/16 00:00,4.28,25:57.1
408507,7/2/16 12:00,7/2/16 12:00,4.29,25:57.1
547324,7/3/16 00:00,7/3/16 00:00,4.29,25:57.1
159025,7/3/16 12:00,7/3/16 12:00,4.31,25:57.1
94854,7/4/16 00:00,7/4/16 00:00,4.31,25:57.1
415272,7/4/16 12:00,7/4/16 12:00,4.31,25:57.1
97941,7/5/16 00:00,7/5/16 00:00,4.31,25:57.1
201849,7/5/16 12:00,7/5/16 12:00,4.31,25:57.1
397916,7/6/16 00:00,7/6/16 00:00,4.31,25:57.1
115175,7/7/16 04:00,7/7/16 04:00,4.31,25:57.1
192713,7/8/16 04:00,7/8/16 04:00,4.32,25:57.1
413240,7/9/16 04:00,7/9/16 04:00,4.34,25:57.1
413343,7/10/16 04:00,7/10/16 04:00,4.36,25:57.1
413459,7/11/16 04:00,7/11/16 04:00,4.36,25:57.1
396033,7/12/16 04:00,7/12/16 04:00,4.36,25:57.1
314901,7/13/16 04:00,7/13/16 04:00,4.36,25:57.1
251487,7/14/16 04:00,7/14/16 04:00,4.38,25:57.1
537133,7/15/16 04:00,7/15/16 04:00,4.35,25:57.1
496428,7/16/16 04:00,7/16/16 04:00,4.32,25:57.1
496532,7/17/16 04:00,7/17/16 04:00,4.28,25:57.1
496637,7/18/16 04:00,7/18/16 04:00,4.25,25:57.1
374602,7/19/16 04:00,7/19/16 04:00,4.26,25:57.1
393676,7/20/16 04:00,7/20/16 04:00,4.28,25:57.1
527468,7/21/16 00:00,7/21/16 00:00,4.29,25:57.1
613974,7/21/16 04:00,7/21/16 04:00,4.29,25:57.1
333886,7/22/16 04:00,7/22/16 04:00,4.26,25:57.1
186661,7/23/16 04:00,7/23/16 04:00,4.24,25:57.1
186769,7/24/16 04:00,7/24/16 04:00,4.21,25:57.1
186873,7/25/16 04:00,7/25/16 04:00,4.18,25:57.1
255534,7/26/16 04:00,7/26/16 04:00,4.17,25:57.1
255443,7/27/16 04:00,7/27/16 04:00,4.16,25:57.1
398288,7/28/16 04:00,7/28/16 04:00,4.15,25:57.1
306738,7/29/16 04:00,7/29/16 04:00,4.02,25:57.1
260307,7/30/16 04:00,7/30/16 04:00,4.02,25:57.1
260414,7/31/16 04:00,7/31/16 04:00,4.02,25:57.1
650255,8/1/16 04:00,8/1/16 04:00,3.97,25:57.1
650286,8/2/16 04:00,8/2/16 04:00,3.9,25:57.1
650300,8/3/16 04:00,8/3/16 04:00,3.89,25:57.1
652595,8/4/16 04:00,8/4/16 04:00,3.88,25:57.1
423001,8/5/16 04:00,8/5/16 04:00,3.83,25:57.1
180319,8/6/16 04:00,8/6/16 04:00,3.8,25:57.1
180342,8/7/16 04:00,8/7/16 04:00,3.74,25:57.1
180366,8/8/16 04:00,8/8/16 04:00,3.71,25:57.1
101598,8/9/16 04:00,8/9/16 04:00,3.69,25:57.1
267542,8/10/16 00:00,8/10/16 00:00,3.62,25:57.1
436980,8/10/16 12:00,8/10/16 12:00,3.59,25:57.1
652114,8/11/16 00:00,8/11/16 00:00,3.59,25:57.1
652922,8/11/16 12:00,8/11/16 12:00,3.53,25:57.1
621573,8/12/16 00:00,8/12/16 00:00,3.53,25:57.1
526626,8/12/16 12:00,8/12/16 12:00,3.51,25:57.1
193255,8/13/16 00:00,8/13/16 00:00,3.51,25:57.1
391178,8/13/16 12:00,8/13/16 12:00,3.51,25:57.1
407713,8/14/16 00:00,8/14/16 00:00,3.51,25:57.1
408050,8/14/16 12:00,8/14/16 12:00,3.38,25:57.1
616040,8/15/16 00:00,8/15/16 00:00,3.38,25:57.1
623941,8/15/16 12:00,8/15/16 12:00,3.32,25:57.1
107139,8/16/16 00:00,8/16/16 00:00,3.32,25:57.1
112093,8/16/16 12:00,8/16/16 12:00,3.3,25:57.1
251051,8/17/16 00:00,8/17/16 00:00,3.3,25:57.1
111491,8/17/16 12:00,8/17/16 12:00,3.2,25:57.1
445198,8/18/16 00:00,8/18/16 00:00,3.2,25:57.1
615029,8/18/16 12:00,8/18/16 12:00,3.12,25:57.1
538765,8/19/16 00:00,8/19/16 00:00,3.12,25:57.1
451338,8/19/16 12:00,8/19/16 12:00,3.09,25:57.1
98054,8/20/16 00:00,8/20/16 00:00,3.09,25:57.1
182290,8/20/16 12:00,8/20/16 12:00,3.02,25:57.1
104680,8/21/16 00:00,8/21/16 00:00,3.02,25:57.1
455406,8/21/16 12:00,8/21/16 12:00,3,25:57.1
621452,8/22/16 00:00,8/22/16 00:00,3,25:57.1
494251,8/22/16 12:00,8/22/16 12:00,2.98,25:57.1
261440,8/23/16 00:00,8/23/16 00:00,2.98,25:57.1
325371,8/23/16 12:00,8/23/16 12:00,2.9,25:57.1
390452,8/24/16 00:00,8/24/16 00:00,2.9,25:57.1
426971,8/24/16 12:00,8/24/16 12:00,2.87,25:57.1
645719,8/25/16 00:00,8/25/16 00:00,2.87,25:57.1
533197,8/25/16 12:00,8/25/16 12:00,2.81,25:57.1
210947,8/26/16 00:00,8/26/16 00:00,2.81,25:57.1
272710,8/26/16 12:00,8/26/16 12:00,2.82,25:57.1
265373,8/27/16 00:00,8/27/16 00:00,2.82,25:57.1
172824,8/27/16 12:00,8/27/16 12:00,2.82,25:57.1
643852,8/28/16 00:00,8/28/16 00:00,2.82,25:57.1
324964,8/28/16 12:00,8/28/16 12:00,2.88,25:57.1
214637,8/29/16 00:00,8/29/16 00:00,2.88,25:57.1
230146,8/29/16 12:00,8/29/16 12:00,2.9,25:57.1
161432,8/30/16 00:00,8/30/16 00:00,2.9,25:57.1
435417,8/30/16 12:00,8/30/16 12:00,2.94,25:57.1
583692,8/31/16 00:00,8/31/16 00:00,2.94,25:57.1
256973,8/31/16 12:00,8/31/16 12:00,2.92,25:57.1
180924,9/1/16 00:00,9/1/16 00:00,2.92,25:57.1
222623,9/1/16 12:00,9/1/16 12:00,2.93,25:57.1
459361,9/2/16 00:00,9/2/16 00:00,2.93,25:57.1
510343,9/2/16 12:00,9/2/16 12:00,3.02,25:57.1
160981,9/3/16 00:00,9/3/16 00:00,3.02,25:57.1
412866,9/3/16 12:00,9/3/16 12:00,3.07,25:57.1
285350,9/4/16 00:00,9/4/16 00:00,3.07,25:57.1
242167,9/4/16 12:00,9/4/16 12:00,3.13,25:57.1
471415,9/5/16 00:00,9/5/16 00:00,3.13,25:57.1
630553,9/5/16 12:00,9/5/16 12:00,3.16,25:57.1
197159,9/6/16 00:00,9/6/16 00:00,3.16,25:57.1
320157,9/6/16 12:00,9/6/16 12:00,3.18,25:57.1
240715,9/7/16 00:00,9/7/16 00:00,3.18,25:57.1
495094,9/7/16 12:00,9/7/16 12:00,3.2,25:57.1
103415,9/8/16 00:00,9/8/16 00:00,3.2,25:57.1
280619,9/8/16 12:00,9/8/16 12:00,3.29,25:57.1
337154,9/9/16 00:00,9/9/16 00:00,3.29,25:57.1
251153,9/9/16 12:00,9/9/16 12:00,3.31,25:57.1
421594,9/10/16 00:00,9/10/16 00:00,3.31,25:57.1
550518,9/10/16 12:00,9/10/16 12:00,3.31,25:57.1
106360,9/11/16 00:00,9/11/16 00:00,3.31,25:57.1
312095,9/11/16 12:00,9/11/16 12:00,3.31,25:57.1
244385,9/12/16 00:00,9/12/16 00:00,3.31,25:57.1
273470,9/12/16 12:00,9/12/16 12:00,3.32,25:57.1
423696,9/13/16 00:00,9/13/16 00:00,3.32,25:57.1
528577,9/13/16 12:00,9/13/16 12:00,3.34,25:57.1
159987,9/14/16 00:00,9/14/16 00:00,3.34,25:57.1
165623,9/14/16 12:00,9/14/16 12:00,3.27,25:57.1
655786,9/15/16 00:00,9/15/16 00:00,3.27,25:57.1
653798,9/15/16 12:00,9/15/16 12:00,3.23,25:57.1
644491,9/16/16 00:00,9/16/16 00:00,3.23,25:57.1
503411,9/16/16 12:00,9/16/16 12:00,3.25,25:57.1
452032,9/17/16 00:00,9/17/16 00:00,3.25,25:57.1
467507,9/17/16 12:00,9/17/16 12:00,3.22,25:57.1
579223,9/18/16 00:00,9/18/16 00:00,3.22,25:57.1
212790,9/18/16 12:00,9/18/16 12:00,3.2,25:57.1
629009,9/19/16 00:00,9/19/16 00:00,3.2,25:57.1
654567,9/19/16 12:00,9/19/16 12:00,3.21,25:57.1
507480,9/20/16 00:00,9/20/16 00:00,3.21,25:57.1
429992,9/20/16 12:00,9/20/16 12:00,3.21,25:57.1
530934,9/21/16 00:00,9/21/16 00:00,3.21,25:57.1
589839,9/21/16 12:00,9/21/16 12:00,3.19,25:57.1
459524,9/22/16 00:00,9/22/16 00:00,3.19,25:57.1
534552,9/22/16 12:00,9/22/16 12:00,3.12,25:57.1
440241,9/23/16 00:00,9/23/16 00:00,3.12,25:57.1
505897,9/23/16 12:00,9/23/16 12:00,3.1,25:57.1
423103,9/24/16 00:00,9/24/16 00:00,3.1,25:57.1
646459,9/24/16 12:00,9/24/16 12:00,3.08,25:57.1
646719,9/25/16 00:00,9/25/16 00:00,3.08,25:57.1
655448,9/25/16 12:00,9/25/16 12:00,3.09,25:57.1
616626,9/26/16 00:00,9/26/16 00:00,3.09,25:57.1
618364,9/26/16 12:00,9/26/16 12:00,3.08,25:57.1
431182,9/27/16 00:00,9/27/16 00:00,3.08,25:57.1
547563,9/27/16 12:00,9/27/16 12:00,3.06,25:57.1
510571,9/28/16 04:00,9/28/16 04:00,3.06,25:57.1
510603,9/29/16 04:00,9/29/16 04:00,3,25:57.1
537566,9/30/16 04:00,9/30/16 04:00,2.97,25:57.1
375057,10/1/16 04:00,10/1/16 04:00,3,25:57.1
375097,10/2/16 04:00,10/2/16 04:00,2.94,25:57.1
375110,10/3/16 04:00,10/3/16 04:00,2.88,25:57.1
507331,10/4/16 04:00,10/4/16 04:00,2.86,25:57.1
633022,10/5/16 00:00,10/5/16 00:00,2.86,25:57.1
525007,10/5/16 12:00,10/5/16 12:00,2.84,25:57.1
596479,10/6/16 00:00,10/6/16 00:00,2.84,25:57.1
648301,10/6/16 12:00,10/6/16 12:00,2.68,25:57.1
627432,10/7/16 00:00,10/7/16 00:00,2.68,25:57.1
644169,10/7/16 12:00,10/7/16 12:00,2.65,25:57.1
437904,10/8/16 00:00,10/8/16 00:00,2.65,25:57.1
645126,10/8/16 12:00,10/8/16 12:00,2.61,25:57.1
628589,10/9/16 00:00,10/9/16 00:00,2.61,25:57.1
589950,10/9/16 12:00,10/9/16 12:00,2.59,25:57.1
597182,10/10/16 00:00,10/10/16 00:00,2.59,25:57.1
649713,10/10/16 12:00,10/10/16 12:00,2.6,25:57.1
201677,10/11/16 00:00,10/11/16 00:00,2.6,25:57.1
211576,10/11/16 12:00,10/11/16 12:00,2.58,25:57.1
538820,10/12/16 00:00,10/12/16 00:00,2.58,25:57.1
535723,10/12/16 12:00,10/12/16 12:00,2.58,25:57.1
648998,10/13/16 00:00,10/13/16 00:00,2.58,25:57.1
649961,10/13/16 12:00,10/13/16 12:00,2.52,25:57.1
619620,10/14/16 00:00,10/14/16 00:00,2.52,25:57.1
432201,10/14/16 12:00,10/14/16 12:00,2.48,25:57.1
614380,10/15/16 00:00,10/15/16 00:00,2.48,25:57.1
641844,10/15/16 12:00,10/15/16 12:00,2.44,25:57.1
209102,10/16/16 00:00,10/16/16 00:00,2.44,25:57.1
497181,10/16/16 12:00,10/16/16 12:00,2.53,25:57.1
648029,10/17/16 00:00,10/17/16 00:00,2.53,25:57.1
615379,10/17/16 12:00,10/17/16 12:00,2.55,25:57.1
522457,10/18/16 00:00,10/18/16 00:00,2.55,25:57.1
634857,10/18/16 12:00,10/18/16 12:00,2.55,25:57.1
577740,10/19/16 00:00,10/19/16 00:00,2.55,25:57.1
654591,10/19/16 12:00,10/19/16 12:00,2.78,25:57.1
412240,10/20/16 00:00,10/20/16 00:00,2.78,25:57.1
309450,10/20/16 12:00,10/20/16 12:00,2.9,25:57.1
508684,10/21/16 00:00,10/21/16 00:00,2.9,25:57.1
646061,10/21/16 12:00,10/21/16 12:00,2.96,25:57.1
653757,10/22/16 00:00,10/22/16 00:00,2.96,25:57.1
523990,10/22/16 12:00,10/22/16 12:00,3.02,25:57.1
655865,10/23/16 00:00,10/23/16 00:00,3.02,25:57.1
655215,10/23/16 12:00,10/23/16 12:00,3.02,25:57.1
533786,10/24/16 00:00,10/24/16 00:00,3.02,25:57.1
487299,10/24/16 12:00,10/24/16 12:00,3.03,25:57.1
662645,10/25/16 00:00,10/25/16 00:00,3.03,25:57.1
662997,10/25/16 12:00,10/25/16 12:00,3.05,25:57.1
115911,10/26/16 00:00,10/26/16 00:00,3.05,25:57.1
452471,10/26/16 12:00,10/26/16 12:00,3.09,25:57.1
536458,10/27/16 00:00,10/27/16 00:00,3.09,25:57.1
439369,10/27/16 12:00,10/27/16 12:00,3.07,25:57.1
580018,10/28/16 00:00,10/28/16 00:00,3.07,25:57.1
473268,10/28/16 12:00,10/28/16 12:00,3.07,25:57.1
631404,10/29/16 00:00,10/29/16 00:00,3.07,25:57.1
332499,10/29/16 12:00,10/29/16 12:00,3.24,25:57.1
649337,10/30/16 00:00,10/30/16 00:00,3.24,25:57.1
511247,10/30/16 12:00,10/30/16 12:00,3.28,25:57.1
522373,10/31/16 00:00,10/31/16 00:00,3.28,25:57.1
569839,10/31/16 12:00,10/31/16 12:00,3.28,25:57.1
628250,11/1/16 00:00,11/1/16 00:00,3.28,25:57.1
453283,11/1/16 12:00,11/1/16 12:00,3.29,25:57.1
456863,11/2/16 00:00,11/2/16 00:00,3.29,25:57.1
651699,11/2/16 12:00,11/2/16 12:00,3.29,25:57.1
663211,11/3/16 00:00,11/3/16 00:00,3.29,25:57.1
663382,11/3/16 12:00,11/3/16 12:00,3.34,25:57.1
662752,11/4/16 00:00,11/4/16 00:00,3.34,25:57.1
663407,11/4/16 12:00,11/4/16 12:00,3.36,25:57.1
663981,11/5/16 00:00,11/5/16 00:00,3.36,25:57.1
399053,11/5/16 12:00,11/5/16 12:00,3.39,25:57.1
508689,11/6/16 00:00,11/6/16 00:00,3.39,25:57.1
524038,11/6/16 12:00,11/6/16 12:00,3.4,25:57.1
627254,11/7/16 00:00,11/7/16 00:00,3.4,25:57.1
525611,11/7/16 12:00,11/7/16 12:00,3.4,25:57.1
589131,11/8/16 00:00,11/8/16 00:00,3.4,25:57.1
82641,11/8/16 12:00,11/8/16 12:00,3.41,25:57.1
507118,11/9/16 00:00,11/9/16 00:00,3.41,25:57.1
488415,11/9/16 12:00,11/9/16 12:00,3.41,25:57.1
643562,11/10/16 00:00,11/10/16 00:00,3.41,25:57.1
592593,11/10/16 12:00,11/10/16 12:00,3.44,25:57.1
485185,11/11/16 00:00,11/11/16 00:00,3.44,25:57.1
527305,11/11/16 12:00,11/11/16 12:00,3.46,25:57.1
650894,11/12/16 00:00,11/12/16 00:00,3.46,25:57.1
650115,11/12/16 12:00,11/12/16 12:00,3.47,25:57.1
663023,11/13/16 00:00,11/13/16 00:00,3.47,25:57.1
662504,11/13/16 12:00,11/13/16 12:00,3.48,25:57.1
298521,11/14/16 00:00,11/14/16 00:00,3.48,25:57.1
202250,11/14/16 12:00,11/14/16 12:00,3.48,25:57.1
655980,11/15/16 00:00,11/15/16 00:00,3.48,25:57.1
571683,11/15/16 12:00,11/15/16 12:00,3.48,25:57.1
648865,11/16/16 00:00,11/16/16 00:00,3.48,25:57.1
536544,11/16/16 12:00,11/16/16 12:00,3.48,25:57.1
649670,11/17/16 00:00,11/17/16 00:00,3.48,25:57.1
580719,11/17/16 12:00,11/17/16 12:00,3.49,25:57.1
626364,11/18/16 00:00,11/18/16 00:00,3.49,25:57.1
530470,11/18/16 12:00,11/18/16 12:00,3.44,25:57.1
518599,11/19/16 00:00,11/19/16 00:00,3.44,25:57.1
451350,11/19/16 12:00,11/19/16 12:00,3.42,25:57.1
514223,11/20/16 00:00,11/20/16 00:00,3.42,25:57.1
482980,11/20/16 12:00,11/20/16 12:00,3.4,25:57.1
534073,11/21/16 12:00,11/21/16 12:00,3.36,25:57.1
523987,11/22/16 00:00,11/22/16 00:00,3.36,25:57.1
645417,11/22/16 12:00,11/22/16 12:00,3.36,25:57.1
421595,11/23/16 00:00,11/23/16 00:00,3.36,25:57.1
632192,11/23/16 12:00,11/23/16 12:00,3.4,25:57.1
651720,11/24/16 00:00,11/24/16 00:00,3.4,25:57.1
657270,11/24/16 12:00,11/24/16 12:00,3.3,25:57.1
495114,11/25/16 00:00,11/25/16 00:00,3.3,25:57.1
504553,11/25/16 12:00,11/25/16 12:00,3.27,25:57.1
663284,11/26/16 00:00,11/26/16 00:00,3.27,25:57.1
663920,11/26/16 12:00,11/26/16 12:00,3.23,25:57.1
372586,11/27/16 04:00,11/27/16 04:00,3.23,25:57.1
372692,11/28/16 04:00,11/28/16 04:00,3.26,25:57.1
332903,11/29/16 00:00,11/29/16 00:00,3.26,25:57.1
387641,11/29/16 12:00,11/29/16 12:00,3.22,25:57.1
624827,11/30/16 00:00,11/30/16 00:00,3.22,25:57.1
628224,11/30/16 12:00,11/30/16 12:00,3.17,25:57.1
623944,12/1/16 00:00,12/1/16 00:00,3.17,25:57.1
626685,12/1/16 12:00,12/1/16 12:00,3.11,25:57.1
254481,12/2/16 00:00,12/2/16 00:00,3.11,25:57.1
393850,12/2/16 12:00,12/2/16 12:00,3.08,25:57.1
586829,12/3/16 00:00,12/3/16 00:00,3.08,25:57.1
634374,12/3/16 12:00,12/3/16 12:00,2.97,25:57.1
560278,12/4/16 00:00,12/4/16 00:00,2.97,25:57.1
577272,12/4/16 12:00,12/4/16 12:00,2.97,25:57.1
552848,12/5/16 00:00,12/5/16 00:00,2.97,25:57.1
642952,12/5/16 12:00,12/5/16 12:00,2.93,25:57.1
576112,12/6/16 00:00,12/6/16 00:00,2.93,25:57.1
536990,12/6/16 12:00,12/6/16 12:00,2.93,25:57.1
662474,12/7/16 00:00,12/7/16 00:00,2.93,25:57.1
663521,12/7/16 12:00,12/7/16 12:00,2.9,25:57.1
662861,12/8/16 00:00,12/8/16 00:00,2.9,25:57.1
295155,12/8/16 12:00,12/8/16 12:00,2.92,25:57.1
197586,12/9/16 00:00,12/9/16 00:00,2.92,25:57.1
603030,12/9/16 12:00,12/9/16 12:00,2.9,25:57.1
481371,12/10/16 00:00,12/10/16 00:00,2.9,25:57.1
634304,12/10/16 12:00,12/10/16 12:00,2.92,25:57.1
485073,12/11/16 00:00,12/11/16 00:00,2.92,25:57.1
564256,12/11/16 12:00,12/11/16 12:00,2.86,25:57.1
322603,12/12/16 00:00,12/12/16 00:00,2.86,25:57.1
651352,12/12/16 12:00,12/12/16 12:00,2.88,25:57.1
551651,12/13/16 00:00,12/13/16 00:00,2.88,25:57.1
437545,12/13/16 12:00,12/13/16 12:00,2.88,25:57.1
505905,12/14/16 00:00,12/14/16 00:00,2.88,25:57.1
422503,12/14/16 12:00,12/14/16 12:00,2.88,25:57.1
609354,12/15/16 00:00,12/15/16 00:00,2.88,25:57.1
490278,12/15/16 12:00,12/15/16 12:00,2.92,25:57.1
465058,12/16/16 00:00,12/16/16 00:00,2.92,25:57.1
516577,12/16/16 12:00,12/16/16 12:00,2.96,25:57.1
444492,12/17/16 00:00,12/17/16 00:00,2.96,25:57.1
531245,12/17/16 12:00,12/17/16 12:00,2.92,25:57.1
444951,12/18/16 00:00,12/18/16 00:00,2.92,25:57.1
494832,12/18/16 12:00,12/18/16 12:00,2.88,25:57.1
485486,12/19/16 00:00,12/19/16 00:00,2.88,25:57.1
544678,12/19/16 12:00,12/19/16 12:00,2.88,25:57.1
508407,12/20/16 00:00,12/20/16 00:00,2.88,25:57.1
463519,12/20/16 12:00,12/20/16 12:00,2.88,25:57.1
465859,12/21/16 00:00,12/21/16 00:00,2.88,25:57.1
275891,12/21/16 12:00,12/21/16 12:00,2.9,25:57.1
184811,12/22/16 00:00,12/22/16 00:00,2.9,25:57.1
271920,12/22/16 12:00,12/22/16 12:00,2.97,25:57.1
316512,12/23/16 00:00,12/23/16 00:00,2.97,25:57.1
268524,12/23/16 12:00,12/23/16 12:00,2.97,25:57.1
97600,12/24/16 00:00,12/24/16 00:00,2.97,25:57.1
186771,12/24/16 12:00,12/24/16 12:00,3.06,25:57.1
256810,12/25/16 00:00,12/25/16 00:00,3.06,25:57.1
214888,12/25/16 12:00,12/25/16 12:00,3.1,25:57.1
178082,12/26/16 00:00,12/26/16 00:00,3.1,25:57.1
203009,12/26/16 12:00,12/26/16 12:00,3.3,25:57.1
300206,12/27/16 00:00,12/27/16 00:00,3.3,25:57.1
88518,12/27/16 12:00,12/27/16 12:00,3.46,25:57.1
179649,12/28/16 00:00,12/28/16 00:00,3.46,25:57.1
266033,12/28/16 12:00,12/28/16 12:00,3.6,25:57.1
182152,12/29/16 00:00,12/29/16 00:00,3.6,25:57.1
70186,12/29/16 12:00,12/29/16 12:00,3.56,25:57.1
193946,12/30/16 00:00,12/30/16 00:00,3.56,25:57.1
271214,12/30/16 12:00,12/30/16 12:00,3.57,25:57.1
192342,12/31/16 00:00,12/31/16 00:00,3.57,25:57.1
219162,12/31/16 12:00,12/31/16 12:00,3.59,25:57.1
305089,1/1/17 00:00,1/1/17 00:00,3.59,25:57.1
112728,1/1/17 12:00,1/1/17 12:00,3.59,25:57.1
371068,1/2/17 00:00,1/2/17 00:00,3.59,25:57.1
111909,1/2/17 12:00,1/2/17 12:00,3.63,25:57.1
199778,1/3/17 00:00,1/3/17 00:00,3.63,25:57.1
313190,1/3/17 12:00,1/3/17 12:00,3.63,25:57.1
261184,1/4/17 00:00,1/4/17 00:00,3.63,25:57.1
89687,1/4/17 12:00,1/4/17 12:00,3.9,25:57.1
400720,1/5/17 00:00,1/5/17 00:00,3.9,25:57.1
415614,1/5/17 12:00,1/5/17 12:00,3.93,25:57.1
103801,1/6/17 00:00,1/6/17 00:00,3.93,25:57.1
190107,1/6/17 12:00,1/6/17 12:00,3.91,25:57.1
346332,1/7/17 00:00,1/7/17 00:00,3.91,25:57.1
110056,1/7/17 12:00,1/7/17 12:00,3.91,25:57.1
107677,1/8/17 00:00,1/8/17 00:00,3.91,25:57.1
350013,1/8/17 12:00,1/8/17 12:00,3.91,25:57.1
335442,1/9/17 00:00,1/9/17 00:00,3.91,25:57.1
109945,1/9/17 12:00,1/9/17 12:00,3.92,25:57.1
109710,1/10/17 00:00,1/10/17 00:00,3.92,25:57.1
374521,1/10/17 12:00,1/10/17 12:00,3.92,25:57.1
393844,1/11/17 00:00,1/11/17 00:00,3.92,25:57.1
369014,1/11/17 12:00,1/11/17 12:00,3.92,25:57.1
365758,1/12/17 00:00,1/12/17 00:00,3.92,25:57.1
160253,1/12/17 12:00,1/12/17 12:00,3.94,25:57.1
366582,1/13/17 00:00,1/13/17 00:00,3.94,25:57.1
377142,1/13/17 12:00,1/13/17 12:00,3.94,25:57.1
218935,1/14/17 00:00,1/14/17 00:00,3.94,25:57.1
99619,1/14/17 12:00,1/14/17 12:00,3.92,25:57.1
402285,1/15/17 00:00,1/15/17 00:00,3.92,25:57.1
160251,1/15/17 12:00,1/15/17 12:00,3.94,25:57.1
360395,1/16/17 00:00,1/16/17 00:00,3.94,25:57.1
416065,1/16/17 12:00,1/16/17 12:00,4.3,25:57.1
403890,1/17/17 00:00,1/17/17 00:00,4.3,25:57.1
393602,1/17/17 12:00,1/17/17 12:00,4.32,25:57.1
374696,1/18/17 00:00,1/18/17 00:00,4.32,25:57.1
395453,1/18/17 12:00,1/18/17 12:00,4.28,25:57.1
402434,1/19/17 00:00,1/19/17 00:00,4.28,25:57.1
160225,1/19/17 12:00,1/19/17 12:00,4.2,25:57.1
393618,1/20/17 00:00,1/20/17 00:00,4.2,25:57.1
366593,1/20/17 12:00,1/20/17 12:00,4.17,25:57.1
415613,1/21/17 00:00,1/21/17 00:00,4.17,25:57.1
400747,1/21/17 12:00,1/21/17 12:00,4.17,25:57.1
111618,1/22/17 00:00,1/22/17 00:00,4.17,25:57.1
347092,1/22/17 12:00,1/22/17 12:00,4.05,25:57.1
327659,1/23/17 00:00,1/23/17 00:00,4.05,25:57.1
270650,1/23/17 12:00,1/23/17 12:00,4.02,25:57.1
415690,1/24/17 00:00,1/24/17 00:00,4.02,25:57.1
361937,1/24/17 12:00,1/24/17 12:00,3.99,25:57.1
356589,1/25/17 00:00,1/25/17 00:00,3.99,25:57.1
357101,1/25/17 12:00,1/25/17 12:00,3.9,25:57.1
344711,1/26/17 00:00,1/26/17 00:00,3.9,25:57.1
271771,1/26/17 12:00,1/26/17 12:00,3.86,25:57.1
111361,1/27/17 00:00,1/27/17 00:00,3.86,25:57.1
398213,1/27/17 12:00,1/27/17 12:00,3.84,25:57.1
109977,1/28/17 00:00,1/28/17 00:00,3.84,25:57.1
110611,1/29/17 12:00,1/29/17 12:00,3.72,25:57.1
349001,1/30/17 00:00,1/30/17 00:00,3.72,25:57.1
410286,1/30/17 12:00,1/30/17 12:00,3.68,25:57.1
360928,1/31/17 00:00,1/31/17 00:00,3.68,25:57.1
408486,1/31/17 12:00,1/31/17 12:00,3.68,25:57.1
337840,2/1/17 00:00,2/1/17 00:00,3.68,25:57.1
479560,2/1/17 12:00,2/1/17 12:00,3.6,25:57.1
431868,2/2/17 00:00,2/2/17 00:00,3.6,25:57.1
498692,2/2/17 12:00,2/2/17 12:00,3.48,25:57.1
396471,2/3/17 00:00,2/3/17 00:00,3.48,25:57.1
432520,2/3/17 12:00,2/3/17 12:00,3.44,25:57.1
426823,2/4/17 00:00,2/4/17 00:00,3.44,25:57.1
508930,2/4/17 12:00,2/4/17 12:00,3.35,25:57.1
392429,2/5/17 00:00,2/5/17 00:00,3.35,25:57.1
514472,2/5/17 12:00,2/5/17 12:00,3.25,25:57.1
370833,2/6/17 00:00,2/6/17 00:00,3.25,25:57.1
491008,2/6/17 12:00,2/6/17 12:00,3.16,25:57.1
518444,2/7/17 00:00,2/7/17 00:00,3.16,25:57.1
469157,2/7/17 12:00,2/7/17 12:00,3.16,25:57.1
493068,2/8/17 00:00,2/8/17 00:00,3.16,25:57.1
467719,2/8/17 12:00,2/8/17 12:00,3.1,25:57.1
349075,2/9/17 00:00,2/9/17 00:00,3.1,25:57.1
524039,2/9/17 12:00,2/9/17 12:00,3.06,25:57.1
466806,2/10/17 00:00,2/10/17 00:00,3.06,25:57.1
520713,2/10/17 12:00,2/10/17 12:00,3.02,25:57.1
370953,2/11/17 00:00,2/11/17 00:00,3.02,25:57.1
478395,2/11/17 12:00,2/11/17 12:00,3.02,25:57.1
491700,2/12/17 00:00,2/12/17 00:00,3.02,25:57.1
472240,2/12/17 12:00,2/12/17 12:00,3.02,25:57.1
566633,2/13/17 00:00,2/13/17 00:00,3.02,25:57.1
524179,2/13/17 12:00,2/13/17 12:00,3.1,25:57.1
470400,2/14/17 00:00,2/14/17 00:00,3.1,25:57.1
479665,2/14/17 12:00,2/14/17 12:00,3.1,25:57.1
479666,2/15/17 00:00,2/15/17 00:00,3.1,25:57.1
516671,2/15/17 12:00,2/15/17 12:00,3.1,25:57.1
432104,2/16/17 00:00,2/16/17 00:00,3.1,25:57.1
186891,2/16/17 12:00,2/16/17 12:00,3.12,25:57.1
105392,2/17/17 00:00,2/17/17 00:00,3.12,25:57.1
102749,2/17/17 12:00,2/17/17 12:00,3.15,25:57.1
114829,2/18/17 00:00,2/18/17 00:00,3.15,25:57.1
309733,2/18/17 12:00,2/18/17 12:00,3.19,25:57.1
208557,2/19/17 00:00,2/19/17 00:00,3.19,25:57.1
242600,2/19/17 12:00,2/19/17 12:00,3.27,25:57.1
225594,2/20/17 00:00,2/20/17 00:00,3.27,25:57.1
416612,2/20/17 12:00,2/20/17 12:00,3.32,25:57.1
416499,2/21/17 00:00,2/21/17 00:00,3.32,25:57.1
289528,2/21/17 12:00,2/21/17 12:00,3.35,25:57.1
166190,2/22/17 00:00,2/22/17 00:00,3.35,25:57.1
404998,2/22/17 01:00,2/22/17 01:00,3.35,25:57.1
90174,2/22/17 12:00,2/22/17 12:00,3.35,25:57.1
407787,2/23/17 00:00,2/23/17 00:00,3.35,25:57.1
386245,2/23/17 12:00,2/23/17 12:00,3.38,25:57.1
278220,2/24/17 00:00,2/24/17 00:00,3.38,25:57.1
167260,2/24/17 12:00,2/24/17 12:00,3.39,25:57.1
265447,2/25/17 00:00,2/25/17 00:00,3.39,25:57.1
104953,2/25/17 12:00,2/25/17 12:00,3.4,25:57.1
316175,2/26/17 00:00,2/26/17 00:00,3.4,25:57.1
96717,2/26/17 12:00,2/26/17 12:00,3.4,25:57.1
169849,2/27/17 00:00,2/27/17 00:00,3.4,25:57.1
315901,2/27/17 12:00,2/27/17 12:00,3.42,25:57.1
268654,2/28/17 00:00,2/28/17 00:00,3.42,25:57.1
391277,2/28/17 12:00,2/28/17 12:00,3.42,25:57.1
107428,3/1/17 00:00,3/1/17 00:00,3.42,25:57.1
394525,3/1/17 12:00,3/1/17 12:00,3.49,25:57.1
408974,3/2/17 00:00,3/2/17 00:00,3.49,25:57.1
372578,3/2/17 12:00,3/2/17 12:00,3.51,25:57.1
200894,3/3/17 00:00,3/3/17 00:00,3.51,25:57.1
97807,3/3/17 12:00,3/3/17 12:00,3.55,25:57.1
211472,3/4/17 00:00,3/4/17 00:00,3.55,25:57.1
108433,3/4/17 12:00,3/4/17 12:00,3.6,25:57.1
263653,3/5/17 00:00,3/5/17 00:00,3.6,25:57.1
461789,3/5/17 12:00,3/5/17 12:00,3.6,25:57.1
310509,3/6/17 00:00,3/6/17 00:00,3.6,25:57.1
461785,3/6/17 12:00,3/6/17 12:00,3.59,25:57.1
220054,3/7/17 00:00,3/7/17 00:00,3.59,25:57.1
493928,3/7/17 12:00,3/7/17 12:00,3.52,25:57.1
112517,3/8/17 00:00,3/8/17 00:00,3.52,25:57.1
411196,3/8/17 12:00,3/8/17 12:00,3.48,25:57.1
387899,3/9/17 00:00,3/9/17 00:00,3.48,25:57.1
274231,3/10/17 00:00,3/10/17 00:00,3.57,25:57.1
434497,3/10/17 12:00,3/10/17 12:00,3.52,25:57.1
215800,3/11/17 00:00,3/11/17 00:00,3.52,25:57.1
102021,3/11/17 12:00,3/11/17 12:00,3.49,25:57.1
287721,3/12/17 00:00,3/12/17 00:00,3.49,25:57.1
467209,3/12/17 12:00,3/12/17 12:00,3.47,25:57.1
198247,3/13/17 00:00,3/13/17 00:00,3.47,25:57.1
499132,3/13/17 12:00,3/13/17 12:00,3.4,25:57.1
430748,3/14/17 00:00,3/14/17 00:00,3.4,25:57.1
498550,3/14/17 12:00,3/14/17 12:00,3.4,25:57.1
410676,3/15/17 00:00,3/15/17 00:00,3.4,25:57.1
167455,3/15/17 12:00,3/15/17 12:00,3.4,25:57.1
372860,3/16/17 00:00,3/16/17 00:00,3.4,25:57.1
499237,3/16/17 12:00,3/16/17 12:00,3.4,25:57.1
305003,3/17/17 00:00,3/17/17 00:00,3.4,25:57.1
102752,3/17/17 12:00,3/17/17 12:00,3.42,25:57.1
372861,3/18/17 00:00,3/18/17 00:00,3.42,25:57.1
403956,3/18/17 12:00,3/18/17 12:00,3.44,25:57.1
210827,3/19/17 00:00,3/19/17 00:00,3.44,25:57.1
206507,3/19/17 12:00,3/19/17 12:00,3.46,25:57.1
112183,3/20/17 00:00,3/20/17 00:00,3.46,25:57.1
184048,3/20/17 12:00,3/20/17 12:00,3.49,25:57.1
393794,3/21/17 00:00,3/21/17 00:00,3.49,25:57.1
392730,3/21/17 12:00,3/21/17 12:00,3.49,25:57.1
389994,3/22/17 00:00,3/22/17 00:00,3.49,25:57.1
408971,3/22/17 12:00,3/22/17 12:00,3.46,25:57.1
247683,3/23/17 00:00,3/23/17 00:00,3.46,25:57.1
405758,3/23/17 12:00,3/23/17 12:00,3.45,25:57.1
269428,3/24/17 00:00,3/24/17 00:00,3.45,25:57.1
315370,3/24/17 12:00,3/24/17 12:00,3.43,25:57.1
411250,3/25/17 00:00,3/25/17 00:00,3.43,25:57.1
401519,3/25/17 12:00,3/25/17 12:00,3.43,25:57.1
239800,3/26/17 00:00,3/26/17 00:00,3.43,25:57.1
222035,3/26/17 12:00,3/26/17 12:00,3.43,25:57.1
252826,3/27/17 00:00,3/27/17 00:00,3.43,25:57.1
245687,3/27/17 12:00,3/27/17 12:00,3.4,25:57.1
431131,3/28/17 00:00,3/28/17 00:00,3.4,25:57.1
252958,3/28/17 12:00,3/28/17 12:00,3.39,25:57.1
396483,3/29/17 00:00,3/29/17 00:00,3.39,25:57.1
490282,3/29/17 12:00,3/29/17 12:00,3.35,25:57.1
428674,3/30/17 00:00,3/30/17 00:00,3.35,25:57.1
429209,3/30/17 12:00,3/30/17 12:00,3.35,25:57.1
242031,3/31/17 00:00,3/31/17 00:00,3.35,25:57.1
488203,3/31/17 12:00,3/31/17 12:00,3.31,25:57.1
492269,4/1/17 00:00,4/1/17 00:00,3.31,25:57.1
457321,4/1/17 12:00,4/1/17 12:00,3.28,25:57.1
494284,4/2/17 00:00,4/2/17 00:00,3.28,25:57.1
508871,4/2/17 12:00,4/2/17 12:00,3.24,25:57.1
548804,4/3/17 00:00,4/3/17 00:00,3.24,25:57.1
432974,4/3/17 12:00,4/3/17 12:00,3.24,25:57.1
494602,4/4/17 00:00,4/4/17 00:00,3.21,25:57.1
512421,4/4/17 12:00,4/4/17 12:00,3.2,25:57.1
430746,4/5/17 00:00,4/5/17 00:00,3.2,25:57.1
517137,4/5/17 12:00,4/5/17 12:00,3.19,25:57.1
530896,4/6/17 00:00,4/6/17 00:00,3.19,25:57.1
178024,4/6/17 12:00,4/6/17 12:00,3.16,25:57.1
459592,4/7/17 00:00,4/7/17 00:00,3.16,25:57.1
515032,4/7/17 12:00,4/7/17 12:00,3.17,25:57.1
289309,4/8/17 00:00,4/8/17 00:00,3.17,25:57.1
504997,4/8/17 12:00,4/8/17 12:00,3.12,25:57.1
428556,4/9/17 00:00,4/9/17 00:00,3.12,25:57.1
496885,4/9/17 12:00,4/9/17 12:00,3.1,25:57.1
256722,4/10/17 00:00,4/10/17 00:00,3.1,25:57.1
199457,4/10/17 12:00,4/10/17 12:00,3.12,25:57.1
489297,4/11/17 00:00,4/11/17 00:00,3.12,25:57.1
504999,4/11/17 12:00,4/11/17 12:00,3.19,25:57.1
421090,4/12/17 00:00,4/12/17 00:00,3.19,25:57.1
508551,4/12/17 12:00,4/12/17 12:00,3.2,25:57.1
496583,4/13/17 00:00,4/13/17 00:00,3.2,25:57.1
512044,4/13/17 12:00,4/13/17 12:00,3.27,25:57.1
510797,4/14/17 00:00,4/14/17 00:00,3.27,25:57.1
517969,4/14/17 12:00,4/14/17 12:00,3.29,25:57.1
499896,4/15/17 00:00,4/15/17 00:00,3.29,25:57.1
285682,4/15/17 12:00,4/15/17 12:00,3.3,25:57.1
462048,4/16/17 00:00,4/16/17 00:00,3.3,25:57.1
433080,4/16/17 12:00,4/16/17 12:00,3.28,25:57.1
497944,4/17/17 00:00,4/17/17 00:00,3.28,25:57.1
651432,4/17/17 12:00,4/17/17 12:00,3.33,25:57.1
514777,4/18/17 00:00,4/18/17 00:00,3.33,25:57.1
499538,4/18/17 12:00,4/18/17 12:00,3.37,25:57.1
493878,4/19/17 00:00,4/19/17 00:00,3.37,25:57.1
514727,4/19/17 12:00,4/19/17 12:00,3.41,25:57.1
391521,4/20/17 00:00,4/20/17 00:00,3.41,25:57.1
499140,4/20/17 12:00,4/20/17 12:00,3.42,25:57.1
431877,4/21/17 00:00,4/21/17 00:00,3.42,25:57.1
457388,4/21/17 12:00,4/21/17 12:00,3.43,25:57.1
493560,4/22/17 00:00,4/22/17 00:00,3.43,25:57.1
433766,4/22/17 12:00,4/22/17 12:00,3.44,25:57.1
487392,4/23/17 00:00,4/23/17 00:00,3.44,25:57.1
516230,4/23/17 12:00,4/23/17 12:00,3.47,25:57.1
460879,4/24/17 00:00,4/24/17 00:00,3.47,25:57.1
496378,4/24/17 12:00,4/24/17 12:00,3.51,25:57.1
575734,4/25/17 00:00,4/25/17 00:00,3.51,25:57.1
489085,4/25/17 12:00,4/25/17 12:00,3.53,25:57.1
574808,4/26/17 00:00,4/26/17 00:00,3.53,25:57.1
523944,4/26/17 12:00,4/26/17 12:00,3.5,25:57.1
514313,4/27/17 00:00,4/27/17 00:00,3.5,25:57.1
374632,4/27/17 12:00,4/27/17 12:00,3.52,25:57.1
465772,4/28/17 00:00,4/28/17 00:00,3.52,25:57.1
518264,4/28/17 12:00,4/28/17 12:00,3.57,25:57.1
495294,4/29/17 00:00,4/29/17 00:00,3.57,25:57.1
515675,4/29/17 12:00,4/29/17 12:00,3.6,25:57.1
494291,4/30/17 00:00,4/30/17 00:00,3.6,25:57.1
434087,4/30/17 12:00,4/30/17 12:00,3.62,25:57.1
508628,5/1/17 00:00,5/1/17 00:00,3.62,25:57.1
514869,5/1/17 12:00,5/1/17 12:00,3.6,25:57.1
507059,5/2/17 00:00,5/2/17 00:00,3.6,25:57.1
513868,5/2/17 12:00,5/2/17 12:00,3.68,25:57.1
495706,5/3/17 00:00,5/3/17 00:00,3.68,25:57.1
470113,5/3/17 12:00,5/3/17 12:00,3.7,25:57.1
462952,5/4/17 00:00,5/4/17 00:00,3.7,25:57.1
514614,5/4/17 12:00,5/4/17 12:00,3.74,25:57.1
509716,5/5/17 00:00,5/5/17 00:00,3.74,25:57.1
516729,5/5/17 12:00,5/5/17 12:00,3.78,25:57.1
503765,5/6/17 00:00,5/6/17 00:00,3.78,25:57.1
519395,5/6/17 12:00,5/6/17 12:00,3.82,25:57.1
553222,5/7/17 00:00,5/7/17 00:00,3.82,25:57.1
522054,5/7/17 12:00,5/7/17 12:00,3.85,25:57.1
564818,5/8/17 00:00,5/8/17 00:00,3.85,25:57.1
560739,5/8/17 12:00,5/8/17 12:00,3.9,25:57.1
515770,5/9/17 00:00,5/9/17 00:00,3.9,25:57.1
512222,5/9/17 12:00,5/9/17 12:00,3.94,25:57.1
212568,5/10/17 00:00,5/10/17 00:00,3.94,25:57.1
526345,5/10/17 12:00,5/10/17 12:00,4.01,25:57.1
516677,5/11/17 00:00,5/11/17 00:00,4.01,25:57.1
432009,5/11/17 12:00,5/11/17 12:00,4.05,25:57.1
524043,5/12/17 00:00,5/12/17 00:00,4.05,25:57.1
531123,5/12/17 12:00,5/12/17 12:00,4.1,25:57.1
513122,5/13/17 00:00,5/13/17 00:00,4.1,25:57.1
497758,5/13/17 12:00,5/13/17 12:00,4.12,25:57.1
624030,5/14/17 00:00,5/14/17 00:00,4.12,25:57.1
549926,5/14/17 12:00,5/14/17 12:00,4.12,25:57.1
507898,5/15/17 00:00,5/15/17 00:00,4.12,25:57.1
525026,5/15/17 12:00,5/15/17 12:00,4.17,25:57.1
500515,5/16/17 00:00,5/16/17 00:00,4.17,25:57.1
555011,5/16/17 12:00,5/16/17 12:00,4.18,25:57.1
517147,5/17/17 00:00,5/17/17 00:00,4.18,25:57.1
530597,5/17/17 12:00,5/17/17 12:00,4.2,25:57.1
515222,5/18/17 00:00,5/18/17 00:00,4.2,25:57.1
553891,5/18/17 12:00,5/18/17 12:00,4.21,25:57.1
526195,5/19/17 00:00,5/19/17 00:00,4.21,25:57.1
557114,5/19/17 12:00,5/19/17 12:00,4.23,25:57.1
167988,5/20/17 00:00,5/20/17 00:00,4.23,25:57.1
94275,5/20/17 12:00,5/20/17 12:00,4.23,25:57.1
260537,5/21/17 00:00,5/21/17 00:00,4.23,25:57.1
388229,5/21/17 12:00,5/21/17 12:00,4.25,25:57.1
273438,5/22/17 00:00,5/22/17 00:00,4.25,25:57.1
276009,5/22/17 12:00,5/22/17 12:00,4.23,25:57.1
240680,5/23/17 00:00,5/23/17 00:00,4.23,25:57.1
114709,5/23/17 12:00,5/23/17 12:00,4.25,25:57.1
252817,5/24/17 00:00,5/24/17 00:00,4.25,25:57.1
291375,5/24/17 12:00,5/24/17 12:00,4.25,25:57.1
212788,5/25/17 00:00,5/25/17 00:00,4.25,25:57.1
288280,5/25/17 12:00,5/25/17 12:00,4.3,25:57.1
232170,5/26/17 00:00,5/26/17 00:00,4.3,25:57.1
403558,5/26/17 12:00,5/26/17 12:00,4.28,25:57.1
301130,5/27/17 00:00,5/27/17 00:00,4.28,25:57.1
214292,5/28/17 00:00,5/28/17 00:00,4.31,25:57.1
303424,5/28/17 12:00,5/28/17 12:00,4.32,25:57.1
517223,5/29/17 00:00,5/29/17 00:00,4.32,25:57.1
518507,5/29/17 12:00,5/29/17 12:00,4.35,25:57.1
197349,5/30/17 00:00,5/30/17 00:00,4.35,25:57.1
97371,5/30/17 12:00,5/30/17 12:00,4.36,25:57.1
412893,5/31/17 00:00,5/31/17 00:00,4.36,25:57.1
180498,5/31/17 12:00,5/31/17 12:00,4.38,25:57.1
113288,6/1/17 00:00,6/1/17 00:00,4.38,25:57.1
532983,6/1/17 12:00,6/1/17 12:00,4.39,25:57.1
247572,6/2/17 00:00,6/2/17 00:00,4.39,25:57.1
100998,6/2/17 12:00,6/2/17 12:00,4.4,25:57.1
494553,6/3/17 00:00,6/3/17 00:00,4.4,25:57.1
169522,6/3/17 12:00,6/3/17 12:00,4.44,25:57.1
406853,6/4/17 00:00,6/4/17 00:00,4.44,25:57.1
494232,6/4/17 12:00,6/4/17 12:00,4.46,25:57.1
192370,6/5/17 00:00,6/5/17 00:00,4.46,25:57.1
626749,6/5/17 12:00,6/5/17 12:00,4.46,25:57.1
218096,6/6/17 00:00,6/6/17 00:00,4.46,25:57.1
536614,6/6/17 12:00,6/6/17 12:00,4.48,25:57.1
350382,6/7/17 00:00,6/7/17 00:00,4.48,25:57.1
383661,6/8/17 00:00,6/8/17 00:00,4.5,25:57.1
499787,6/8/17 12:00,6/8/17 12:00,4.53,25:57.1
326820,6/9/17 00:00,6/9/17 00:00,4.53,25:57.1
624904,6/9/17 12:00,6/9/17 12:00,4.53,25:57.1
506071,6/10/17 00:00,6/10/17 00:00,4.53,25:57.1
333567,6/10/17 12:00,6/10/17 12:00,4.56,25:57.1
383682,6/11/17 00:00,6/11/17 00:00,4.56,25:57.1
530872,6/11/17 12:00,6/11/17 12:00,4.56,25:57.1
326908,6/12/17 00:00,6/12/17 00:00,4.56,25:57.1
624084,6/12/17 12:00,6/12/17 12:00,4.61,25:57.1
512684,6/13/17 00:00,6/13/17 00:00,4.61,25:57.1
533683,6/13/17 12:00,6/13/17 12:00,4.63,25:57.1
512282,6/14/17 00:00,6/14/17 00:00,4.63,25:57.1
267583,6/14/17 12:00,6/14/17 12:00,4.65,25:57.1
634574,6/15/17 00:00,6/15/17 00:00,4.65,25:57.1
529632,6/15/17 12:00,6/15/17 12:00,4.68,25:57.1
511757,6/16/17 00:00,6/16/17 00:00,4.68,25:57.1
489951,6/16/17 12:00,6/16/17 12:00,4.68,25:57.1
527194,6/17/17 00:00,6/17/17 00:00,4.68,25:57.1
630152,6/17/17 12:00,6/17/17 12:00,4.72,25:57.1
516380,6/18/17 00:00,6/18/17 00:00,4.72,25:57.1
526493,6/18/17 12:00,6/18/17 12:00,4.71,25:57.1
625969,6/19/17 00:00,6/19/17 00:00,4.71,25:57.1
532207,6/19/17 12:00,6/19/17 12:00,4.68,25:57.1
522328,6/20/17 04:00,6/20/17 04:00,4.68,25:57.1
522368,6/21/17 04:00,6/21/17 04:00,4.68,25:57.1
522111,6/22/17 04:00,6/22/17 04:00,4.7,25:57.1
518498,6/23/17 04:00,6/23/17 04:00,4.81,25:57.1
627424,6/24/17 04:00,6/24/17 04:00,4.85,25:57.1
627527,6/25/17 04:00,6/25/17 04:00,4.86,25:57.1
627552,6/26/17 04:00,6/26/17 04:00,4.86,25:57.1
629393,6/27/17 04:00,6/27/17 04:00,4.86,25:57.1
629415,6/28/17 04:00,6/28/17 04:00,4.9,25:57.1
522631,6/29/17 04:00,6/29/17 04:00,4.88,25:57.1
632227,6/30/17 04:00,6/30/17 04:00,4.88,25:57.1
522159,7/1/17 04:00,7/1/17 04:00,4.9,25:57.1
522206,7/2/17 04:00,7/2/17 04:00,4.91,25:57.1
522254,7/3/17 04:00,7/3/17 04:00,4.91,25:57.1
519713,7/4/17 04:00,7/4/17 04:00,4.93,25:57.1
520710,7/5/17 04:00,7/5/17 04:00,4.95,25:57.1
537277,7/6/17 04:00,7/6/17 04:00,4.97,25:57.1
537153,7/7/17 04:00,7/7/17 04:00,4.98,25:57.1
106930750,7/8/17 04:00,7/8/17 04:00,5.01,25:57.1
624426,7/9/17 04:00,7/9/17 04:00,4.92,25:57.1
624391,7/10/17 04:00,7/10/17 04:00,4.9,25:57.1
624359,7/11/17 04:00,7/11/17 04:00,4.89,25:57.1
648140,7/12/17 04:00,7/12/17 04:00,4.89,25:57.1
526309,7/13/17 04:00,7/13/17 04:00,4.88,25:57.1
648122,7/14/17 04:00,7/14/17 04:00,4.86,25:57.1
649686,7/15/17 04:00,7/15/17 04:00,4.85,25:57.1
649710,7/16/17 04:00,7/16/17 04:00,4.81,25:57.1
649724,7/17/17 04:00,7/17/17 04:00,4.7,25:57.1
648834,7/18/17 04:00,7/18/17 04:00,4.65,25:57.1
533451,7/18/17 12:00,7/18/17 12:00,4.68,25:57.1
533997,7/19/17 00:00,7/19/17 00:00,4.68,25:57.1
106930751,7/19/17 04:00,7/19/17 04:00,4.68,25:57.1
625564,7/19/17 12:00,7/19/17 12:00,4.67,25:57.1
519626,7/20/17 00:00,7/20/17 00:00,4.67,25:57.1
106930752,7/20/17 04:00,7/20/17 04:00,4.67,25:57.1
634945,7/20/17 12:00,7/20/17 12:00,4.65,25:57.1
649508,7/21/17 00:00,7/21/17 00:00,4.65,25:57.1
106930753,7/21/17 04:00,7/21/17 04:00,4.65,25:57.1
530238,7/21/17 12:00,7/21/17 12:00,4.59,25:57.1
521763,7/22/17 00:00,7/22/17 00:00,4.59,25:57.1
106930754,7/22/17 04:00,7/22/17 04:00,4.59,25:57.1
503581,7/22/17 12:00,7/22/17 12:00,4.56,25:57.1
518302,7/23/17 04:00,7/23/17 04:00,4.56,25:57.1
539699,7/24/17 00:00,7/24/17 00:00,4.5,25:57.1
106930755,7/24/17 04:00,7/24/17 04:00,4.5,25:57.1
529601,7/24/17 12:00,7/24/17 12:00,4.46,25:57.1
517614,7/25/17 00:00,7/25/17 00:00,4.46,25:57.1
106930756,7/25/17 04:00,7/25/17 04:00,4.46,25:57.1
493971,7/25/17 12:00,7/25/17 12:00,4.39,25:57.1
517056,7/26/17 00:00,7/26/17 00:00,4.39,25:57.1
106930757,7/26/17 04:00,7/26/17 04:00,4.39,25:57.1
643040,7/26/17 12:00,7/26/17 12:00,4.38,25:57.1
510144,7/27/17 00:00,7/27/17 00:00,4.38,25:57.1
106930758,7/27/17 04:00,7/27/17 04:00,4.38,25:57.1
626142,7/27/17 12:00,7/27/17 12:00,4.32,25:57.1
498043,7/28/17 00:00,7/28/17 00:00,4.32,25:57.1
106930759,7/28/17 04:00,7/28/17 04:00,4.32,25:57.1
534484,7/28/17 12:00,7/28/17 12:00,4.27,25:57.1
507133,7/29/17 00:00,7/29/17 00:00,4.27,25:57.1
106930760,7/29/17 04:00,7/29/17 04:00,4.27,25:57.1
528042,7/29/17 12:00,7/29/17 12:00,4.26,25:57.1
507134,7/30/17 00:00,7/30/17 00:00,4.26,25:57.1
106930761,7/30/17 04:00,7/30/17 04:00,4.26,25:57.1
521380,7/30/17 12:00,7/30/17 12:00,4.2,25:57.1
507149,7/31/17 00:00,7/31/17 00:00,4.2,25:57.1
106930762,7/31/17 04:00,7/31/17 04:00,4.2,25:57.1
516022,7/31/17 12:00,7/31/17 12:00,4.1,25:57.1
529804,8/1/17 00:00,8/1/17 00:00,4.1,25:57.1
106624008,8/1/17 04:00,8/1/17 04:00,4.19,25:57.1
520085,8/1/17 12:00,8/1/17 12:00,4.08,25:57.1
654890,8/2/17 00:00,8/2/17 00:00,4.08,25:57.1
106624011,8/2/17 04:00,8/2/17 04:00,4.08,25:57.1
497831,8/2/17 12:00,8/2/17 12:00,4.02,25:57.1
522671,8/3/17 00:00,8/3/17 00:00,4.02,25:57.1
106624014,8/3/17 04:00,8/3/17 04:00,4.02,25:57.1
497873,8/3/17 12:00,8/3/17 12:00,3.98,25:57.1
503316,8/4/17 00:00,8/4/17 00:00,3.98,25:57.1
106624017,8/4/17 04:00,8/4/17 04:00,3.98,25:57.1
643415,8/4/17 12:00,8/4/17 12:00,3.9,25:57.1
8345353,8/5/17 00:00,8/5/17 00:00,3.9,25:57.1
106624020,8/5/17 04:00,8/5/17 04:00,3.9,25:57.1
8345352,8/5/17 12:00,8/5/17 12:00,3.87,25:57.1
8345351,8/6/17 00:00,8/6/17 00:00,3.87,25:57.1
106624023,8/6/17 04:00,8/6/17 04:00,3.87,25:57.1
8345350,8/6/17 12:00,8/6/17 12:00,3.8,25:57.1
8345349,8/7/17 00:00,8/7/17 00:00,3.8,25:57.1
106624026,8/7/17 04:00,8/7/17 04:00,3.8,25:57.1
8345348,8/7/17 12:00,8/7/17 12:00,3.75,25:57.1
8345347,8/8/17 00:00,8/8/17 00:00,3.75,25:57.1
106624029,8/8/17 04:00,8/8/17 04:00,3.75,25:57.1
8345346,8/8/17 12:00,8/8/17 12:00,3.68,25:57.1
8345345,8/9/17 00:00,8/9/17 00:00,3.68,25:57.1
106624032,8/9/17 04:00,8/9/17 04:00,3.68,25:57.1
8345344,8/9/17 12:00,8/9/17 12:00,3.62,25:57.1
8345343,8/10/17 00:00,8/10/17 00:00,3.62,25:57.1
106624035,8/10/17 04:00,8/10/17 04:00,3.62,25:57.1
8345342,8/10/17 12:00,8/10/17 12:00,3.6,25:57.1
8345341,8/11/17 00:00,8/11/17 00:00,3.6,25:57.1
106624038,8/11/17 04:00,8/11/17 04:00,3.6,25:57.1
8345340,8/11/17 12:00,8/11/17 12:00,3.54,25:57.1
8345339,8/12/17 00:00,8/12/17 00:00,3.54,25:57.1
106624041,8/12/17 04:00,8/12/17 04:00,3.54,25:57.1
8345338,8/12/17 12:00,8/12/17 12:00,3.45,25:57.1
8345337,8/13/17 00:00,8/13/17 00:00,3.45,25:57.1
106624044,8/13/17 04:00,8/13/17 04:00,3.45,25:57.1
8345336,8/13/17 12:00,8/13/17 12:00,3.36,25:57.1
8345335,8/14/17 00:00,8/14/17 00:00,3.36,25:57.1
106624047,8/14/17 04:00,8/14/17 04:00,3.36,25:57.1
8345334,8/14/17 12:00,8/14/17 12:00,3.3,25:57.1
8345333,8/15/17 00:00,8/15/17 00:00,3.3,25:57.1
106624050,8/15/17 04:00,8/15/17 04:00,3.3,25:57.1
8345332,8/15/17 12:00,8/15/17 12:00,3.27,25:57.1
8345331,8/16/17 00:00,8/16/17 00:00,3.27,25:57.1
106624053,8/16/17 04:00,8/16/17 04:00,3.27,25:57.1
8345330,8/16/17 12:00,8/16/17 12:00,3.2,25:57.1
8345329,8/17/17 00:00,8/17/17 00:00,3.2,25:57.1
106624056,8/17/17 04:00,8/17/17 04:00,3.2,25:57.1
8345328,8/17/17 12:00,8/17/17 12:00,3.17,25:57.1
8345327,8/18/17 00:00,8/18/17 00:00,3.17,25:57.1
106624059,8/18/17 04:00,8/18/17 04:00,3.17,25:57.1
8345326,8/18/17 12:00,8/18/17 12:00,3.14,25:57.1
8345325,8/19/17 00:00,8/19/17 00:00,3.14,25:57.1
106624062,8/19/17 04:00,8/19/17 04:00,3.14,25:57.1
8345324,8/19/17 12:00,8/19/17 12:00,3.08,25:57.1
8345323,8/20/17 00:00,8/20/17 00:00,3.08,25:57.1
106624065,8/20/17 04:00,8/20/17 04:00,3.08,25:57.1
8345322,8/20/17 12:00,8/20/17 12:00,3.05,25:57.1
8345321,8/21/17 00:00,8/21/17 00:00,3.05,25:57.1
106624068,8/21/17 04:00,8/21/17 04:00,3.05,25:57.1
8345320,8/21/17 12:00,8/21/17 12:00,3,25:57.1
8345319,8/22/17 00:00,8/22/17 00:00,3,25:57.1
106624071,8/22/17 04:00,8/22/17 04:00,3.05,25:57.1
8345318,8/22/17 12:00,8/22/17 12:00,2.99,25:57.1
8345317,8/23/17 00:00,8/23/17 00:00,2.99,25:57.1
106624074,8/23/17 04:00,8/23/17 04:00,2.99,25:57.1
8345316,8/23/17 12:00,8/23/17 12:00,2.98,25:57.1
8345315,8/24/17 00:00,8/24/17 00:00,2.98,25:57.1
106624077,8/24/17 04:00,8/24/17 04:00,2.98,25:57.1
8345314,8/24/17 12:00,8/24/17 12:00,2.93,25:57.1
8345313,8/25/17 00:00,8/25/17 00:00,2.93,25:57.1
106624080,8/25/17 04:00,8/25/17 04:00,2.93,25:57.1
8345312,8/25/17 12:00,8/25/17 12:00,2.9,25:57.1
8345311,8/26/17 00:00,8/26/17 00:00,2.9,25:57.1
106624083,8/26/17 04:00,8/26/17 04:00,2.9,25:57.1
8345310,8/26/17 12:00,8/26/17 12:00,2.87,25:57.1
8345309,8/27/17 00:00,8/27/17 00:00,2.87,25:57.1
106624086,8/27/17 04:00,8/27/17 04:00,2.87,25:57.1
8345308,8/27/17 12:00,8/27/17 12:00,2.9,25:57.1
8345307,8/28/17 00:00,8/28/17 00:00,2.9,25:57.1
106624089,8/28/17 04:00,8/28/17 04:00,2.9,25:57.1
8345306,8/28/17 12:00,8/28/17 12:00,2.97,25:57.1
8345305,8/29/17 00:00,8/29/17 00:00,2.97,25:57.1
106624092,8/29/17 04:00,8/29/17 04:00,2.97,25:57.1
8345304,8/29/17 12:00,8/29/17 12:00,2.91,25:57.1
8345303,8/30/17 00:00,8/30/17 00:00,2.91,25:57.1
106624095,8/30/17 04:00,8/30/17 04:00,2.91,25:57.1
8345302,8/30/17 12:00,8/30/17 12:00,2.84,25:57.1
8345301,8/31/17 00:00,8/31/17 00:00,2.84,25:57.1
106624098,8/31/17 04:00,8/31/17 04:00,2.84,25:57.1
8345300,8/31/17 12:00,8/31/17 12:00,2.87,25:57.1
8345299,9/1/17 00:00,9/1/17 00:00,2.87,25:57.1
106624101,9/1/17 04:00,9/1/17 04:00,2.87,25:57.1
8345298,9/1/17 12:00,9/1/17 12:00,2.93,25:57.1
8345297,9/2/17 00:00,9/2/17 00:00,2.93,25:57.1
106624104,9/2/17 04:00,9/2/17 04:00,2.93,25:57.1
8345296,9/2/17 12:00,9/2/17 12:00,2.91,25:57.1
8345295,9/3/17 00:00,9/3/17 00:00,2.91,25:57.1
106624107,9/3/17 04:00,9/3/17 04:00,2.91,25:57.1
8345294,9/3/17 12:00,9/3/17 12:00,2.91,25:57.1
8345293,9/4/17 00:00,9/4/17 00:00,2.91,25:57.1
15020252,9/4/17 04:00,9/4/17 04:00,2.91,25:57.1
8345292,9/4/17 12:00,9/4/17 12:00,2.87,25:57.1
8345291,9/5/17 00:00,9/5/17 00:00,2.87,25:57.1
15020255,9/5/17 04:00,9/5/17 04:00,2.87,25:57.1
8345290,9/5/17 12:00,9/5/17 12:00,2.96,25:57.1
8345289,9/6/17 00:00,9/6/17 00:00,2.96,25:57.1
15020258,9/6/17 04:00,9/6/17 04:00,2.96,25:57.1
8345288,9/6/17 12:00,9/6/17 12:00,3.01,25:57.1
8345287,9/7/17 00:00,9/7/17 00:00,3.01,25:57.1
15020261,9/7/17 04:00,9/7/17 04:00,3.01,25:57.1
8345286,9/7/17 12:00,9/7/17 12:00,2.99,25:57.1
8345285,9/8/17 00:00,9/8/17 00:00,2.99,25:57.1
15020264,9/8/17 04:00,9/8/17 04:00,2.99,25:57.1
8345284,9/8/17 12:00,9/8/17 12:00,2.94,25:57.1
14635633,9/9/17 00:00,9/9/17 00:00,2.94,25:57.1
15020267,9/9/17 04:00,9/9/17 04:00,2.94,25:57.1
14635632,9/9/17 12:00,9/9/17 12:00,2.93,25:57.1
14635631,9/10/17 00:00,9/10/17 00:00,2.93,25:57.1
15020270,9/10/17 04:00,9/10/17 04:00,2.93,25:57.1
14635630,9/10/17 12:00,9/10/17 12:00,2.98,25:57.1
14635629,9/11/17 00:00,9/11/17 00:00,2.98,25:57.1
15020273,9/11/17 04:00,9/11/17 04:00,2.98,25:57.1
14634907,9/11/17 12:00,9/11/17 12:00,2.89,25:57.1
16111723,9/12/17 00:00,9/12/17 00:00,2.89,25:57.1
106624134,9/12/17 04:00,9/12/17 04:00,2.89,25:57.1
16970124,9/12/17 12:00,9/12/17 12:00,2.86,25:57.1
18317633,9/13/17 00:00,9/13/17 00:00,2.86,25:57.1
106624137,9/13/17 04:00,9/13/17 04:00,2.86,25:57.1
19266773,9/13/17 12:00,9/13/17 12:00,2.84,25:57.1
20415384,9/14/17 00:00,9/14/17 00:00,2.84,25:57.1
30665981,9/14/17 04:00,9/14/17 04:00,2.84,25:57.1
21545425,9/14/17 12:00,9/14/17 12:00,2.78,25:57.1
22684491,9/15/17 00:00,9/15/17 00:00,2.78,25:57.1
30665978,9/15/17 04:00,9/15/17 04:00,2.78,25:57.1
23806523,9/15/17 12:00,9/15/17 12:00,2.72,25:57.1
24939125,9/16/17 00:00,9/16/17 00:00,2.72,25:57.1
30665975,9/16/17 04:00,9/16/17 04:00,2.72,25:57.1
26708648,9/16/17 12:00,9/16/17 12:00,2.7,25:57.1
27269839,9/17/17 00:00,9/17/17 00:00,2.7,25:57.1
30665972,9/17/17 04:00,9/17/17 04:00,2.7,25:57.1
28286077,9/17/17 12:00,9/17/17 12:00,2.68,25:57.1
29404760,9/18/17 00:00,9/18/17 00:00,2.68,25:57.1
30665969,9/18/17 04:00,9/18/17 04:00,2.68,25:57.1
30595983,9/18/17 12:00,9/18/17 12:00,2.6,25:57.1
31627273,9/19/17 00:00,9/19/17 00:00,2.6,25:57.1
106624155,9/19/17 04:00,9/19/17 04:00,2.6,25:57.1
32725869,9/19/17 12:00,9/19/17 12:00,2.58,25:57.1
33839491,9/20/17 00:00,9/20/17 00:00,2.58,25:57.1
106624158,9/20/17 04:00,9/20/17 04:00,2.58,25:57.1
34911330,9/20/17 12:00,9/20/17 12:00,2.53,25:57.1
106624160,9/21/17 04:00,9/21/17 04:00,2.53,25:57.1
106624161,9/22/17 04:00,9/22/17 04:00,2.44,25:57.1
106624162,9/23/17 04:00,9/23/17 04:00,2.54,25:57.1
106624163,9/24/17 04:00,9/24/17 04:00,2.52,25:57.1
106624164,9/25/17 04:00,9/25/17 04:00,2.44,25:57.1
56667554,9/26/17 04:00,9/26/17 04:00,2.37,25:57.1
56667553,9/27/17 04:00,9/27/17 04:00,2.28,25:57.1
56667552,9/28/17 04:00,9/28/17 04:00,2.42,25:57.1
56667551,9/29/17 04:00,9/29/17 04:00,2.5,25:57.1
56667550,9/30/17 04:00,9/30/17 04:00,2.5,25:57.1
56667549,10/1/17 04:00,10/1/17 04:00,2.47,25:57.1
56667548,10/2/17 04:00,10/2/17 04:00,2.41,25:57.1
351332000,10/3/17 00:00,10/3/17 00:00,2.54,25:57.1
56667547,10/3/17 04:00,10/3/17 04:00,2.54,25:57.1
351332002,10/4/17 00:00,10/4/17 00:00,2.6,25:57.1
351332003,10/5/17 00:00,10/5/17 00:00,2.65,25:57.1
351332004,10/6/17 00:00,10/6/17 00:00,2.68,25:57.1
351332005,10/7/17 00:00,10/7/17 00:00,2.6,25:57.1
351332006,10/8/17 00:00,10/8/17 00:00,2.62,25:57.1
351332007,10/9/17 00:00,10/9/17 00:00,2.68,25:57.1
351332008,10/10/17 00:00,10/10/17 00:00,2.6,25:57.1
351332009,10/11/17 00:00,10/11/17 00:00,2.55,25:57.1
351332010,10/12/17 00:00,10/12/17 00:00,2.54,25:57.1
351332011,10/13/17 00:00,10/13/17 00:00,2.6,25:57.1
351332012,10/14/17 00:00,10/14/17 00:00,2.67,25:57.1
351332013,10/15/17 00:00,10/15/17 00:00,2.67,25:57.1
351332014,10/16/17 00:00,10/16/17 00:00,2.67,25:57.1
351332015,10/17/17 00:00,10/17/17 00:00,2.6,25:57.1
351332016,10/18/17 00:00,10/18/17 00:00,2.61,25:57.1
351332017,10/19/17 00:00,10/19/17 00:00,2.65,25:57.1
351332018,10/20/17 00:00,10/20/17 00:00,2.65,25:57.1
96965490,10/20/17 04:00,10/20/17 04:00,2.65,25:57.1
261144973,10/21/17 00:00,10/21/17 00:00,2.86,25:57.1
96965489,10/21/17 04:00,10/21/17 04:00,2.86,25:57.1
261144971,10/22/17 00:00,10/22/17 00:00,2.93,25:57.1
96965488,10/22/17 04:00,10/22/17 04:00,2.93,25:57.1
261144969,10/23/17 00:00,10/23/17 00:00,2.94,25:57.1
96965487,10/23/17 04:00,10/23/17 04:00,2.94,25:57.1
261144967,10/24/17 00:00,10/24/17 00:00,3.02,25:57.1
96965486,10/24/17 04:00,10/24/17 04:00,3.02,25:57.1
261144965,10/25/17 00:00,10/25/17 00:00,3.07,25:57.1
96965485,10/25/17 04:00,10/25/17 04:00,3.07,25:57.1
261144963,10/26/17 00:00,10/26/17 00:00,3.02,25:57.1
96965484,10/26/17 04:00,10/26/17 04:00,3.02,25:57.1
261144961,10/27/17 00:00,10/27/17 00:00,3.02,25:57.1
96965483,10/27/17 04:00,10/27/17 04:00,3.02,25:57.1
261144959,10/28/17 00:00,10/28/17 00:00,3.02,25:57.1
114992457,10/28/17 04:00,10/28/17 04:00,3.02,25:57.1
261144957,10/29/17 00:00,10/29/17 00:00,3.05,25:57.1
114992456,10/29/17 04:00,10/29/17 04:00,3.05,25:57.1
261144955,10/30/17 00:00,10/30/17 00:00,3.1,25:57.1
114992455,10/30/17 04:00,10/30/17 04:00,3.1,25:57.1
261144953,10/31/17 00:00,10/31/17 00:00,3.1,25:57.1
114992454,10/31/17 04:00,10/31/17 04:00,3.1,25:57.1
261144951,11/1/17 00:00,11/1/17 00:00,3.1,25:57.1
114992453,11/1/17 04:00,11/1/17 04:00,3.1,25:57.1
261144949,11/2/17 00:00,11/2/17 00:00,3.16,25:57.1
126375213,11/2/17 04:00,11/2/17 04:00,3.16,25:57.1
261144947,11/3/17 00:00,11/3/17 00:00,3.21,25:57.1
126375212,11/3/17 04:00,11/3/17 04:00,3.21,25:57.1
261144945,11/4/17 00:00,11/4/17 00:00,3.27,25:57.1
126375211,11/4/17 04:00,11/4/17 04:00,3.27,25:57.1
261144943,11/5/17 00:00,11/5/17 00:00,3.27,25:57.1
126375210,11/5/17 04:00,11/5/17 04:00,3.27,25:57.1
261144941,11/6/17 00:00,11/6/17 00:00,3.3,25:57.1
126375209,11/6/17 04:00,11/6/17 04:00,3.3,25:57.1
261144939,11/7/17 00:00,11/7/17 00:00,3.35,25:57.1
126375208,11/7/17 04:00,11/7/17 04:00,3.35,25:57.1
261144937,11/8/17 00:00,11/8/17 00:00,3.37,25:57.1
126375207,11/8/17 04:00,11/8/17 04:00,3.37,25:57.1
261144935,11/9/17 00:00,11/9/17 00:00,3.4,25:57.1
126375206,11/9/17 04:00,11/9/17 04:00,3.4,25:57.1
261144933,11/10/17 00:00,11/10/17 00:00,3.37,25:57.1
127635899,11/10/17 04:00,11/10/17 04:00,3.37,25:57.1
261144931,11/11/17 00:00,11/11/17 00:00,3.4,25:57.1
132136815,11/11/17 04:00,11/11/17 04:00,3.4,25:57.1
261144929,11/12/17 00:00,11/12/17 00:00,3.4,25:57.1
132136814,11/12/17 04:00,11/12/17 04:00,3.4,25:57.1
261144927,11/13/17 00:00,11/13/17 00:00,3.45,25:57.1
132136813,11/13/17 04:00,11/13/17 04:00,3.45,25:57.1
261144925,11/14/17 00:00,11/14/17 00:00,3.5,25:57.1
133617509,11/14/17 04:00,11/14/17 04:00,3.5,25:57.1
261144923,11/15/17 00:00,11/15/17 00:00,3.55,25:57.1
135090064,11/15/17 04:00,11/15/17 04:00,3.55,25:57.1
261144921,11/16/17 00:00,11/16/17 00:00,3.6,25:57.1
136559353,11/16/17 04:00,11/16/17 04:00,3.6,25:57.1
261144919,11/17/17 00:00,11/17/17 00:00,3.5,25:57.1
137474562,11/17/17 04:00,11/17/17 04:00,3.5,25:57.1
261145114,11/18/17 00:00,11/18/17 00:00,3.6,25:57.1
145076386,11/18/17 04:00,11/18/17 04:00,3.6,25:57.1
261145112,11/19/17 00:00,11/19/17 00:00,3.6,25:57.1
145076385,11/19/17 04:00,11/19/17 04:00,3.6,25:57.1
261145110,11/20/17 00:00,11/20/17 00:00,3.63,25:57.1
145076384,11/20/17 04:00,11/20/17 04:00,3.63,25:57.1
261145108,11/21/17 00:00,11/21/17 00:00,3.67,25:57.1
145076383,11/21/17 04:00,11/21/17 04:00,3.67,25:57.1
261145106,11/22/17 00:00,11/22/17 00:00,3.7,25:57.1
146917168,11/22/17 04:00,11/22/17 04:00,3.7,25:57.1
261145104,11/23/17 00:00,11/23/17 00:00,3.73,25:57.1
148786532,11/23/17 04:00,11/23/17 04:00,3.73,25:57.1
261145102,11/24/17 00:00,11/24/17 00:00,3.75,25:57.1
156200256,11/24/17 04:00,11/24/17 04:00,3.75,25:57.1
261145100,11/25/17 00:00,11/25/17 00:00,3.71,25:57.1
156200255,11/25/17 04:00,11/25/17 04:00,3.71,25:57.1
261145098,11/26/17 00:00,11/26/17 00:00,3.71,25:57.1
156200254,11/26/17 04:00,11/26/17 04:00,3.71,25:57.1
261145096,11/27/17 00:00,11/27/17 00:00,3.74,25:57.1
156200253,11/27/17 04:00,11/27/17 04:00,3.74,25:57.1
261145094,11/28/17 00:00,11/28/17 00:00,3.74,25:57.1
158046120,11/28/17 04:00,11/28/17 04:00,3.74,25:57.1
261145092,11/29/17 00:00,11/29/17 00:00,3.72,25:57.1
159896070,11/29/17 04:00,11/29/17 04:00,3.72,25:57.1
261145090,11/30/17 00:00,11/30/17 00:00,3.78,25:57.1
161806008,11/30/17 04:00,11/30/17 04:00,3.78,25:57.1
261145088,12/1/17 00:00,12/1/17 00:00,3.71,25:57.1
163595545,12/1/17 04:00,12/1/17 04:00,3.71,25:57.1
261145086,12/2/17 00:00,12/2/17 00:00,3.7,25:57.1
169304495,12/2/17 04:00,12/2/17 04:00,3.7,25:57.1
261145084,12/3/17 00:00,12/3/17 00:00,3.68,25:57.1
169304494,12/3/17 04:00,12/3/17 04:00,3.68,25:57.1
261145082,12/4/17 00:00,12/4/17 00:00,3.68,25:57.1
169304493,12/4/17 04:00,12/4/17 04:00,3.68,25:57.1
261145080,12/5/17 00:00,12/5/17 00:00,3.67,25:57.1
171183386,12/5/17 04:00,12/5/17 04:00,3.67,25:57.1
261145078,12/6/17 00:00,12/6/17 00:00,3.68,25:57.1
173056665,12/6/17 04:00,12/6/17 04:00,3.68,25:57.1
261145076,12/7/17 00:00,12/7/17 00:00,3.68,25:57.1
174919098,12/7/17 04:00,12/7/17 04:00,3.68,25:57.1
261145074,12/8/17 00:00,12/8/17 00:00,3.63,25:57.1
182122407,12/8/17 04:00,12/8/17 04:00,3.63,25:57.1
261145072,12/9/17 00:00,12/9/17 00:00,3.6,25:57.1
182122406,12/9/17 04:00,12/9/17 04:00,3.6,25:57.1
261145070,12/10/17 00:00,12/10/17 00:00,3.6,25:57.1
182122405,12/10/17 04:00,12/10/17 04:00,3.6,25:57.1
261145068,12/11/17 00:00,12/11/17 00:00,3.58,25:57.1
182122404,12/11/17 04:00,12/11/17 04:00,3.58,25:57.1
261145066,12/12/17 00:00,12/12/17 00:00,3.52,25:57.1
183933908,12/12/17 04:00,12/12/17 04:00,3.52,25:57.1
261145064,12/13/17 00:00,12/13/17 00:00,3.58,25:57.1
185705544,12/13/17 04:00,12/13/17 04:00,3.58,25:57.1
261145062,12/14/17 00:00,12/14/17 00:00,3.56,25:57.1
187512315,12/14/17 04:00,12/14/17 04:00,3.56,25:57.1
261145060,12/15/17 00:00,12/15/17 00:00,3.5,25:57.1
189304523,12/15/17 04:00,12/15/17 04:00,3.5,25:57.1
261145058,12/16/17 00:00,12/16/17 00:00,3.5,25:57.1
194658186,12/16/17 04:00,12/16/17 04:00,3.5,25:57.1
261145056,12/17/17 00:00,12/17/17 00:00,3.49,25:57.1
194658185,12/17/17 04:00,12/17/17 04:00,3.49,25:57.1
261145054,12/18/17 00:00,12/18/17 00:00,3.52,25:57.1
194658184,12/18/17 04:00,12/18/17 04:00,3.52,25:57.1
261145052,12/19/17 00:00,12/19/17 00:00,3.52,25:57.1
196398253,12/19/17 04:00,12/19/17 04:00,3.52,25:57.1
261145050,12/20/17 00:00,12/20/17 00:00,3.56,25:57.1
198161771,12/20/17 04:00,12/20/17 04:00,3.56,25:57.1
261145048,12/21/17 00:00,12/21/17 00:00,3.56,25:57.1
199950616,12/21/17 04:00,12/21/17 04:00,3.56,25:57.1
261145046,12/22/17 00:00,12/22/17 00:00,3.57,25:57.1
201651605,12/22/17 04:00,12/22/17 04:00,3.57,25:57.1
261145044,12/23/17 00:00,12/23/17 00:00,3.47,25:57.1
207925241,12/23/17 04:00,12/23/17 04:00,3.47,25:57.1
261145042,12/24/17 00:00,12/24/17 00:00,3.47,25:57.1
207925240,12/24/17 04:00,12/24/17 04:00,3.57,25:57.1
261145040,12/25/17 00:00,12/25/17 00:00,3.48,25:57.1
207925239,12/25/17 04:00,12/25/17 04:00,3.48,25:57.1
261145038,12/26/17 00:00,12/26/17 00:00,3.48,25:57.1
207925238,12/26/17 04:00,12/26/17 04:00,3.48,25:57.1
261145036,12/27/17 00:00,12/27/17 00:00,3.45,25:57.1
209554267,12/27/17 04:00,12/27/17 04:00,3.45,25:57.1
261145034,12/28/17 00:00,12/28/17 00:00,3.4,25:57.1
261145033,12/29/17 00:00,12/29/17 00:00,3.38,25:57.1
261145032,12/30/17 00:00,12/30/17 00:00,3.37,25:57.1
261145031,12/30/17 04:00,12/30/17 04:00,3.37,25:57.1
261145030,12/31/17 00:00,12/31/17 00:00,3.32,25:57.1
240582091,12/31/17 04:00,12/31/17 04:00,3.32,25:57.1
261145028,1/1/18 00:00,1/1/18 00:00,3.3,25:57.1
240582090,1/1/18 04:00,1/1/18 04:00,3.3,25:57.1
261145026,1/2/18 00:00,1/2/18 00:00,3.3,25:57.1
240582089,1/2/18 04:00,1/2/18 04:00,3.3,25:57.1
261145024,1/3/18 00:00,1/3/18 00:00,3.34,25:57.1
240582088,1/3/18 04:00,1/3/18 04:00,3.34,25:57.1
261145022,1/4/18 00:00,1/4/18 00:00,3.36,25:57.1
240582087,1/4/18 04:00,1/4/18 04:00,3.36,25:57.1
261145020,1/5/18 00:00,1/5/18 00:00,3.25,25:57.1
240582086,1/5/18 04:00,1/5/18 04:00,3.25,25:57.1
261145018,1/6/18 00:00,1/6/18 00:00,3.25,25:57.1
240582085,1/6/18 04:00,1/6/18 04:00,3.25,25:57.1
261145016,1/7/18 00:00,1/7/18 00:00,3.22,25:57.1
240582084,1/7/18 04:00,1/7/18 04:00,3.22,25:57.1
261145014,1/8/18 00:00,1/8/18 00:00,3.22,25:57.1
240582083,1/8/18 04:00,1/8/18 04:00,3.22,25:57.1
261145012,1/9/18 00:00,1/9/18 00:00,3.22,25:57.1
240577845,1/9/18 04:00,1/9/18 04:00,3.22,25:57.1
261145010,1/10/18 00:00,1/10/18 00:00,3.22,25:57.1
240577844,1/10/18 04:00,1/10/18 04:00,3.22,25:57.1
261145008,1/11/18 00:00,1/11/18 00:00,3.22,25:57.1
240577843,1/11/18 04:00,1/11/18 04:00,3.22,25:57.1
261145006,1/12/18 00:00,1/12/18 00:00,3.25,25:57.1
240577842,1/12/18 04:00,1/12/18 04:00,3.25,25:57.1
261145004,1/13/18 00:00,1/13/18 00:00,3.25,25:57.1
240577841,1/13/18 04:00,1/13/18 04:00,3.25,25:57.1
261145002,1/14/18 00:00,1/14/18 00:00,3.25,25:57.1
240577840,1/14/18 04:00,1/14/18 04:00,3.25,25:57.1
261145000,1/15/18 00:00,1/15/18 00:00,3.5,25:57.1
240577839,1/15/18 04:00,1/15/18 04:00,3.5,25:57.1
261144998,1/16/18 00:00,1/16/18 00:00,3.4,25:57.1
240577838,1/16/18 04:00,1/16/18 04:00,3.4,25:57.1
261144996,1/17/18 00:00,1/17/18 00:00,3.46,25:57.1
241482600,1/17/18 04:00,1/17/18 04:00,3.46,25:57.1
261144994,1/18/18 00:00,1/18/18 00:00,3.47,25:57.1
244640206,1/18/18 04:00,1/18/18 04:00,3.47,25:57.1
261144992,1/19/18 00:00,1/19/18 00:00,3.45,25:57.1
244657222,1/19/18 04:00,1/19/18 04:00,3.45,25:57.1
261144990,1/20/18 00:00,1/20/18 00:00,3.45,25:57.1
249602982,1/20/18 04:00,1/20/18 04:00,3.45,25:57.1
261144988,1/21/18 00:00,1/21/18 00:00,3.47,25:57.1
249602981,1/21/18 04:00,1/21/18 04:00,3.47,25:57.1
261144986,1/22/18 00:00,1/22/18 00:00,3.48,25:57.1
249602980,1/22/18 04:00,1/22/18 04:00,3.48,25:57.1
261144984,1/23/18 00:00,1/23/18 00:00,3.5,25:57.1
251297582,1/23/18 04:00,1/23/18 04:00,3.5,25:57.1
261144982,1/24/18 00:00,1/24/18 00:00,3.51,25:57.1
252871440,1/24/18 04:00,1/24/18 04:00,3.51,25:57.1
261144980,1/25/18 00:00,1/25/18 00:00,3.52,25:57.1
256209878,1/25/18 04:00,1/25/18 04:00,3.52,25:57.1
261144978,1/26/18 00:00,1/26/18 00:00,3.59,25:57.1
256209877,1/26/18 04:00,1/26/18 04:00,3.59,25:57.1
261144976,1/27/18 00:00,1/27/18 00:00,3.68,25:57.1
262768604,1/27/18 04:00,1/27/18 04:00,3.68,25:57.1
261144975,1/28/18 00:00,1/28/18 00:00,3.7,25:57.1
262768602,1/28/18 04:00,1/28/18 04:00,3.7,25:57.1
261144974,1/29/18 00:00,1/29/18 00:00,3.7,25:57.1
262768600,1/29/18 04:00,1/29/18 04:00,3.7,25:57.1
262518601,1/30/18 00:00,1/30/18 00:00,3.7,25:57.1
262768598,1/30/18 04:00,1/30/18 04:00,3.7,25:57.1
264212897,1/31/18 00:00,1/31/18 00:00,3.78,25:57.1
264455787,1/31/18 04:00,1/31/18 04:00,3.78,25:57.1
265812526,2/1/18 00:00,2/1/18 00:00,3.8,25:57.1
265979390,2/1/18 04:00,2/1/18 04:00,3.8,25:57.1
267244970,2/2/18 00:00,2/2/18 00:00,3.8,25:57.1
267571854,2/2/18 04:00,2/2/18 04:00,3.8,25:57.1
269198123,2/3/18 00:00,2/3/18 00:00,3.85,25:57.1
272650768,2/3/18 04:00,2/3/18 04:00,3.85,25:57.1
270930376,2/4/18 00:00,2/4/18 00:00,3.89,25:57.1
272650766,2/4/18 04:00,2/4/18 04:00,3.89,25:57.1
272406714,2/5/18 00:00,2/5/18 00:00,3.92,25:57.1
272650764,2/5/18 04:00,2/5/18 04:00,3.92,25:57.1
274118400,2/6/18 00:00,2/6/18 00:00,3.96,25:57.1
274284839,2/6/18 04:00,2/6/18 04:00,3.96,25:57.1
275595122,2/7/18 00:00,2/7/18 00:00,4,25:57.1
275914781,2/7/18 04:00,2/7/18 04:00,4,25:57.1
277220585,2/8/18 00:00,2/8/18 00:00,4.01,25:57.1
279150336,2/8/18 04:00,2/8/18 04:00,4.01,25:57.1
278833652,2/9/18 00:00,2/9/18 00:00,4.01,25:57.1
279150334,2/9/18 04:00,2/9/18 04:00,4.01,25:57.1
280594562,2/10/18 00:00,2/10/18 00:00,4.05,25:57.1
287123005,2/10/18 04:00,2/10/18 04:00,4.05,25:57.1
282271416,2/11/18 00:00,2/11/18 00:00,4.05,25:57.1
287123003,2/11/18 04:00,2/11/18 04:00,4.05,25:57.1
283864578,2/12/18 00:00,2/12/18 00:00,4.1,25:57.1
287123001,2/12/18 04:00,2/12/18 04:00,4.1,25:57.1
285452926,2/13/18 00:00,2/13/18 00:00,4.11,25:57.1
287122999,2/13/18 04:00,2/13/18 04:00,4.11,25:57.1
286886633,2/14/18 00:00,2/14/18 00:00,4.16,25:57.1
287122997,2/14/18 04:00,2/14/18 04:00,4.16,25:57.1
288469530,2/15/18 00:00,2/15/18 00:00,4.18,25:57.1
291857322,2/15/18 04:00,2/15/18 04:00,4.18,25:57.1
290047181,2/16/18 00:00,2/16/18 00:00,4.18,25:57.1
291857320,2/16/18 04:00,2/16/18 04:00,4.18,25:57.1
291696389,2/17/18 00:00,2/17/18 00:00,4.16,25:57.1
294994139,2/17/18 04:00,2/17/18 04:00,4.16,25:57.1
293342728,2/18/18 00:00,2/18/18 00:00,4.17,25:57.1
294994137,2/18/18 04:00,2/18/18 04:00,4.17,25:57.1
294759902,2/19/18 00:00,2/19/18 00:00,4.17,25:57.1
294994135,2/19/18 04:00,2/19/18 04:00,4.17,25:57.1
296318376,2/20/18 00:00,2/20/18 00:00,4.17,25:57.1
296552284,2/20/18 04:00,2/20/18 04:00,4.17,25:57.1
297854990,2/21/18 00:00,2/21/18 00:00,4.18,25:57.1
298086759,2/21/18 04:00,2/21/18 04:00,4.18,25:57.1
299386736,2/22/18 00:00,2/22/18 00:00,4.14,25:57.1
300954500,2/22/18 04:00,2/22/18 04:00,4.14,25:57.1
300870841,2/23/18 00:00,2/23/18 00:00,4.18,25:57.1
307015894,2/23/18 04:00,2/23/18 04:00,4.18,25:57.1
302314740,2/24/18 00:00,2/24/18 00:00,4.2,25:57.1
307015892,2/24/18 04:00,2/24/18 04:00,4.2,25:57.1
303687248,2/25/18 00:00,2/25/18 00:00,4.21,25:57.1
307015890,2/25/18 04:00,2/25/18 04:00,4.21,25:57.1
305171823,2/26/18 00:00,2/26/18 00:00,4.21,25:57.1
307015888,2/26/18 04:00,2/26/18 04:00,4.21,25:57.1
306782648,2/27/18 00:00,2/27/18 00:00,4.21,25:57.1
308562864,2/27/18 04:00,2/27/18 04:00,4.21,25:57.1
308335516,2/28/18 00:00,2/28/18 00:00,4.21,25:57.1
308596335,2/28/18 04:00,2/28/18 04:00,4.21,25:57.1
309835386,3/1/18 00:00,3/1/18 00:00,4.19,25:57.1
311629863,3/1/18 04:00,3/1/18 04:00,4.19,25:57.1
311395582,3/2/18 00:00,3/2/18 00:00,4.2,25:57.1
311701787,3/2/18 04:00,3/2/18 04:00,4.2,25:57.1
313002200,3/3/18 00:00,3/3/18 00:00,4.18,25:57.1
316281997,3/3/18 04:00,3/3/18 04:00,4.18,25:57.1
314640218,3/4/18 00:00,3/4/18 00:00,4.18,25:57.1
316281995,3/4/18 04:00,3/4/18 04:00,4.18,25:57.1
316048118,3/5/18 00:00,3/5/18 00:00,4.18,25:57.1
316281993,3/5/18 04:00,3/5/18 04:00,4.18,25:57.1
317615290,3/6/18 00:00,3/6/18 00:00,4.15,25:57.1
317850888,3/6/18 04:00,3/6/18 04:00,4.15,25:57.1
319176935,3/7/18 00:00,3/7/18 00:00,4.12,25:57.1
319414502,3/7/18 04:00,3/7/18 04:00,4.12,25:57.1
320765048,3/8/18 00:00,3/8/18 00:00,4.15,25:57.1
321003769,3/8/18 04:00,3/8/18 04:00,4.15,25:57.1
322360449,3/9/18 00:00,3/9/18 00:00,4.15,25:57.1
322672494,3/9/18 04:00,3/9/18 04:00,4.15,25:57.1
325415782,3/10/18 00:00,3/10/18 00:00,4.13,25:57.1
327193433,3/10/18 04:00,3/10/18 04:00,4.13,25:57.1
326923998,3/11/18 00:00,3/11/18 00:00,4.12,25:57.1
327193431,3/11/18 04:00,3/11/18 04:00,4.12,25:57.1
327193430,3/12/18 04:00,3/12/18 04:00,4.07,25:57.1
328715711,3/13/18 04:00,3/13/18 04:00,4.05,25:57.1
332909100,3/14/18 04:00,3/14/18 04:00,4.07,25:57.1
332984108,3/15/18 04:00,3/15/18 04:00,4.07,25:57.1
334606256,3/16/18 04:00,3/16/18 04:00,4.03,25:57.1
339421605,3/17/18 04:00,3/17/18 04:00,4.02,25:57.1
339421604,3/18/18 04:00,3/18/18 04:00,4.05,25:57.1
339421603,3/19/18 04:00,3/19/18 04:00,4.05,25:57.1
340914879,3/20/18 04:00,3/20/18 04:00,4,25:57.1
342566554,3/21/18 04:00,3/21/18 04:00,4,25:57.1
344232587,3/22/18 04:00,3/22/18 04:00,4,25:57.1
345915628,3/23/18 04:00,3/23/18 04:00,4.05,25:57.1
351049468,3/24/18 04:00,3/24/18 04:00,4.06,25:57.1
351049467,3/25/18 04:00,3/25/18 04:00,4.05,25:57.1
351049466,3/26/18 04:00,3/26/18 04:00,4,25:57.1
352783475,3/27/18 04:00,3/27/18 04:00,4.02,25:57.1
354546373,3/28/18 04:00,3/28/18 04:00,4.06,25:57.1
365687522,3/29/18 04:00,3/29/18 04:00,4.07,25:57.1
365349368,3/30/18 04:00,3/30/18 04:00,4.06,25:57.1
365349367,3/31/18 04:00,3/31/18 04:00,4.06,25:57.1
365349366,4/1/18 04:00,4/1/18 04:00,4.06,25:57.1
365349365,4/2/18 04:00,4/2/18 04:00,4.06,25:57.1
365349364,4/3/18 04:00,4/3/18 04:00,4.08,25:57.1
367303215,4/4/18 04:00,4/4/18 04:00,4.05,25:57.1
369225123,4/5/18 04:00,4/5/18 04:00,4.1,25:57.1
371151814,4/6/18 04:00,4/6/18 04:00,4.1,25:57.1
377624969,4/7/18 04:00,4/7/18 04:00,4.1,25:57.1
377624968,4/8/18 04:00,4/8/18 04:00,4.15,25:57.1
377624967,4/9/18 04:00,4/9/18 04:00,4.18,25:57.1
379634499,4/10/18 04:00,4/10/18 04:00,4.19,25:57.1
381656384,4/11/18 04:00,4/11/18 04:00,4.2,25:57.1
383693837,4/12/18 04:00,4/12/18 04:00,4.2,25:57.1
385746339,4/13/18 04:00,4/13/18 04:00,4.15,25:57.1
392209419,4/14/18 04:00,4/14/18 04:00,4.15,25:57.1
392209418,4/15/18 04:00,4/15/18 04:00,4.18,25:57.1
392209417,4/16/18 04:00,4/16/18 04:00,4.18,25:57.1
394312313,4/17/18 04:00,4/17/18 04:00,4.15,25:57.1
396421165,4/18/18 04:00,4/18/18 04:00,4.15,25:57.1
398530110,4/19/18 04:00,4/19/18 04:00,4.15,25:57.1
400634146,4/20/18 04:00,4/20/18 04:00,4.15,25:57.1
407042209,4/21/18 04:00,4/21/18 04:00,4.15,25:57.1
407042208,4/22/18 04:00,4/22/18 04:00,4.15,25:57.1
407042207,4/23/18 04:00,4/23/18 04:00,4.14,25:57.1
409193052,4/24/18 04:00,4/24/18 04:00,4.17,25:57.1
411345977,4/25/18 04:00,4/25/18 04:00,4.17,25:57.1
413492519,4/26/18 04:00,4/26/18 04:00,4.17,25:57.1
415620442,4/27/18 04:00,4/27/18 04:00,4.15,25:57.1
422029135,4/28/18 04:00,4/28/18 04:00,4.1,25:57.1
422029134,4/29/18 04:00,4/29/18 04:00,4.08,25:57.1
422029133,4/30/18 04:00,4/30/18 04:00,4,25:57.1
426265742,5/1/18 04:00,5/1/18 04:00,4.05,25:57.1
426265741,5/2/18 04:00,5/2/18 04:00,4.05,25:57.1
428395456,5/3/18 04:00,5/3/18 04:00,4.05,25:57.1
430506548,5/4/18 04:00,5/4/18 04:00,4.01,25:57.1
447225861,5/7/18 04:00,5/7/18 04:00,4.1,25:57.1
447225860,5/8/18 04:00,5/8/18 04:00,4.05,25:57.1
447225859,5/9/18 04:00,5/9/18 04:00,4.01,25:57.1
447225858,5/10/18 04:00,5/10/18 04:00,4,25:57.1
447225857,5/11/18 04:00,5/11/18 04:00,4,25:57.1
453789913,5/12/18 04:00,5/12/18 04:00,4.09,25:57.1
453789912,5/13/18 04:00,5/13/18 04:00,4.19,25:57.1
453789911,5/14/18 04:00,5/14/18 04:00,4.16,25:57.1
456257776,5/15/18 04:00,5/15/18 04:00,4.16,25:57.1
458726110,5/16/18 04:00,5/16/18 04:00,4.16,25:57.1
461205972,5/17/18 04:00,5/17/18 04:00,4.11,25:57.1
463658857,5/18/18 04:00,5/18/18 04:00,4.15,25:57.1
470886091,5/19/18 04:00,5/19/18 04:00,4.15,25:57.1
470886090,5/20/18 04:00,5/20/18 04:00,4.15,25:57.1
470886089,5/21/18 04:00,5/21/18 04:00,4.1,25:57.1
473298559,5/22/18 04:00,5/22/18 04:00,4.1,25:57.1
475704303,5/23/18 04:00,5/23/18 04:00,4.1,25:57.1
478121785,5/24/18 04:00,5/24/18 04:00,4.06,25:57.1
487808951,5/25/18 04:00,5/25/18 04:00,4.02,25:57.1
487808950,5/26/18 04:00,5/26/18 04:00,4,25:57.1
487808949,5/27/18 04:00,5/27/18 04:00,3.99,25:57.1
487808948,5/28/18 04:00,5/28/18 04:00,3.99,25:57.1
490229044,5/29/18 04:00,5/29/18 04:00,3.93,25:57.1
492199365,5/30/18 04:00,5/30/18 04:00,3.89,25:57.1
494469359,5/31/18 04:00,5/31/18 04:00,3.83,25:57.1
496667993,6/1/18 04:00,6/1/18 04:00,3.8,25:57.1
503815220,6/2/18 04:00,6/2/18 04:00,3.75,25:57.1
503815219,6/3/18 04:00,6/3/18 04:00,3.74,25:57.1
503815218,6/4/18 04:00,6/4/18 04:00,3.7,25:57.1
506395605,6/5/18 04:00,6/5/18 04:00,3.68,25:57.1
508758086,6/6/18 04:00,6/6/18 04:00,3.62,25:57.1
511106989,6/7/18 04:00,6/7/18 04:00,3.6,25:57.1
513279733,6/8/18 04:00,6/8/18 04:00,3.5,25:57.1
519540566,6/9/18 04:00,6/9/18 04:00,3.42,25:57.1
519540565,6/10/18 04:00,6/10/18 04:00,3.39,25:57.1
519540564,6/11/18 04:00,6/11/18 04:00,3.32,25:57.1
521617025,6/12/18 04:00,6/12/18 04:00,3.26,25:57.1
523648565,6/13/18 04:00,6/13/18 04:00,3.2,25:57.1
525550977,6/14/18 04:00,6/14/18 04:00,3.1,25:57.1
527573575,6/15/18 04:00,6/15/18 04:00,3.04,25:57.1
533678140,6/16/18 04:00,6/16/18 04:00,2.98,25:57.1
533678139,6/17/18 04:00,6/17/18 04:00,2.93,25:57.1
533678138,6/18/18 04:00,6/18/18 04:00,2.87,25:57.1
535703942,6/19/18 04:00,6/19/18 04:00,2.79,25:57.1
539819884,6/20/18 04:00,6/20/18 04:00,2.73,25:57.1
539819883,6/21/18 04:00,6/21/18 04:00,2.7,25:57.1
542016114,6/22/18 04:00,6/22/18 04:00,2.7,25:57.1
551078395,6/23/18 04:00,6/23/18 04:00,2.68,25:57.1
551078394,6/24/18 04:00,6/24/18 04:00,2.68,25:57.1
551078393,6/25/18 04:00,6/25/18 04:00,2.66,25:57.1
551078392,6/26/18 04:00,6/26/18 04:00,2.7,25:57.1
555600067,6/27/18 04:00,6/27/18 04:00,2.63,11:59.4
555600066,6/28/18 04:00,6/28/18 04:00,2.53,11:59.4
557829358,6/29/18 04:00,6/29/18 04:00,2.49,12:00.5
564232202,6/30/18 04:00,6/30/18 04:00,2.46,12:00.5
564232201,7/1/18 04:00,7/1/18 04:00,2.41,12:00.5
564232200,7/2/18 04:00,7/2/18 04:00,2.4,12:00.5
566424344,7/3/18 04:00,7/3/18 04:00,2.38,12:01.9
568600362,7/4/18 04:00,7/4/18 04:00,2.35,11:51.9
570766282,7/5/18 04:00,7/5/18 04:00,2.46,11:53.9
572971178,7/6/18 04:00,7/6/18 04:00,2.46,11:55.4
581916650,7/7/18 04:00,7/7/18 04:00,2.46,12:09.7
581916649,7/8/18 04:00,7/8/18 04:00,2.43,12:09.7
581916648,7/9/18 04:00,7/9/18 04:00,2.36,12:09.7
581916647,7/10/18 04:00,7/10/18 04:00,2.4,12:09.7
584169407,7/11/18 04:00,7/11/18 04:00,2.43,12:02.4
586401168,7/12/18 04:00,7/12/18 04:00,2.42,12:01.8
588614425,7/13/18 04:00,7/13/18 04:00,2.4,54:31.2
607892895,7/17/18 04:00,7/17/18 04:00,2.36,11:43.7
607892894,7/18/18 04:00,7/18/18 04:00,2.4,11:43.7
607892893,7/19/18 04:00,7/19/18 04:00,2.41,11:43.7
607892892,7/20/18 04:00,7/20/18 04:00,2.31,11:43.7
612145164,7/21/18 04:00,7/21/18 04:00,2.19,11:59.9
612145163,7/22/18 04:00,7/22/18 04:00,2.17,11:59.9
612145162,7/23/18 04:00,7/23/18 04:00,2.07,11:59.9
614993365,7/25/18 04:00,7/25/18 04:00,1.94,11:55.3
617004157,7/26/18 04:00,7/26/18 04:00,1.95,11:55.6
619042385,7/27/18 04:00,7/27/18 04:00,1.95,11:55.8
625145114,7/28/18 04:00,7/28/18 04:00,2.04,12:02.3
625145113,7/29/18 04:00,7/29/18 04:00,2.05,12:02.3
625145112,7/30/18 04:00,7/30/18 04:00,1.92,12:02.3
627010295,7/31/18 04:00,7/31/18 04:00,1.86,12:01.6
628930441,8/1/18 04:00,8/1/18 04:00,1.84,11:55.9
631019334,8/2/18 04:00,8/2/18 04:00,1.94,11:54.9
633122713,8/3/18 04:00,8/3/18 04:00,1.9,11:56.4
639980989,8/4/18 04:00,8/4/18 04:00,1.84,12:00.8
639980988,8/5/18 04:00,8/5/18 04:00,1.79,12:00.8
639980987,8/6/18 04:00,8/6/18 04:00,1.73,12:00.8
642108363,8/7/18 04:00,8/7/18 04:00,1.74,12:02.0
644287078,8/8/18 04:00,8/8/18 04:00,1.8,11:54.9
646318866,8/9/18 04:00,8/9/18 04:00,1.86,11:56.5
648416239,8/10/18 04:00,8/10/18 04:00,1.86,11:54.8
654706767,8/11/18 04:00,8/11/18 04:00,2.06,12:02.6
654706766,8/12/18 04:00,8/12/18 04:00,2.08,12:02.6
654706765,8/13/18 04:00,8/13/18 04:00,2.12,12:02.6
656843158,8/14/18 04:00,8/14/18 04:00,2.1,12:02.6
658933892,8/15/18 04:00,8/15/18 04:00,1.98,11:55.4
661007240,8/16/18 04:00,8/16/18 04:00,1.94,11:55.1
663069524,8/17/18 04:00,8/17/18 04:00,1.96,11:54.0
671157104,8/18/18 04:00,8/18/18 04:00,1.94,12:09.9
671157103,8/19/18 04:00,8/19/18 04:00,1.9,12:09.9
671157102,8/20/18 04:00,8/20/18 04:00,1.87,12:09.9
671157101,8/21/18 04:00,8/21/18 04:00,1.92,12:09.9
673224560,8/22/18 04:00,8/22/18 04:00,2,12:04.1
675288736,8/23/18 04:00,8/23/18 04:00,2.06,12:03.0
677363107,8/24/18 04:00,8/24/18 04:00,2.11,12:01.5
682753880,8/25/18 04:00,8/25/18 04:00,2.07,12:01.2
682753879,8/26/18 04:00,8/26/18 04:00,2.04,12:01.2
682753878,8/27/18 04:00,8/27/18 04:00,2.17,12:01.2
683509721,8/28/18 04:00,8/28/18 04:00,2.12,11:59.9
684416222,8/29/18 04:00,8/29/18 04:00,2.06,11:54.1
685191105,8/30/18 04:00,8/30/18 04:00,2.04,31:53.7
688027814,8/31/18 04:00,8/31/18 04:00,2,12:02.8
688027813,9/1/18 04:00,9/1/18 04:00,2.2,12:02.8
688027812,9/2/18 04:00,9/2/18 04:00,2.25,12:02.8
688027811,9/3/18 04:00,9/3/18 04:00,2.26,12:02.8
688787373,9/4/18 04:00,9/4/18 04:00,2.28,12:03.5
689556741,9/5/18 04:00,9/5/18 04:00,2.15,11:56.2
690309494,9/6/18 04:00,9/6/18 04:00,2.11,11:54.8
691060689,9/7/18 04:00,9/7/18 04:00,2.06,11:55.1
693363832,9/8/18 04:00,9/8/18 04:00,2.04,12:01.7
693363831,9/9/18 04:00,9/9/18 04:00,2.02,12:01.7
693363830,9/10/18 04:00,9/10/18 04:00,2.06,12:01.7
694299980,9/11/18 04:00,9/11/18 04:00,2.1,12:02.3
698126898,9/12/18 04:00,9/12/18 04:00,2.1,11:56.8
698126897,9/13/18 04:00,9/13/18 04:00,2.05,11:56.8
701156547,9/14/18 04:00,9/14/18 04:00,2,11:56.0
709607968,9/15/18 04:00,9/15/18 04:00,1.99,12:02.9
709607967,9/16/18 04:00,9/16/18 04:00,2.02,12:02.9
709607966,9/17/18 04:00,9/17/18 04:00,2.01,12:02.9
712487682,9/18/18 04:00,9/18/18 04:00,2,12:02.4
715411106,9/19/18 04:00,9/19/18 04:00,1.95,11:56.2
718468905,9/20/18 04:00,9/20/18 04:00,1.9,31:55.0
721429448,9/21/18 04:00,9/21/18 04:00,1.83,11:54.8
730628465,9/22/18 04:00,9/22/18 04:00,1.8,12:01.3
730628464,9/23/18 04:00,9/23/18 04:00,1.75,12:01.3
730628463,9/24/18 04:00,9/24/18 04:00,1.7,12:01.3
736861621,9/25/18 04:00,9/25/18 04:00,1.62,11:55.9
736861620,9/26/18 04:00,9/26/18 04:00,1.59,11:55.9
746151835,9/27/18 04:00,9/27/18 04:00,1.55,11:43.0
746151834,9/28/18 04:00,9/28/18 04:00,1.55,11:43.0
752401372,9/29/18 04:00,9/29/18 04:00,1.65,12:02.8
752401371,9/30/18 04:00,9/30/18 04:00,1.7,12:02.8
752401370,10/1/18 04:00,10/1/18 04:00,1.73,12:02.8
755567604,10/2/18 04:00,10/2/18 04:00,1.79,12:03.6
758892629,10/3/18 04:00,10/3/18 04:00,1.87,11:56.1
762131698,10/4/18 04:00,10/4/18 04:00,1.9,11:57.2
765358643,10/5/18 04:00,10/5/18 04:00,2.08,11:57.1
775157822,10/6/18 04:00,10/6/18 04:00,2.16,12:04.1
775157821,10/7/18 04:00,10/7/18 04:00,2.27,12:04.1
775157820,10/8/18 04:00,10/8/18 04:00,2.3,12:04.1
778489350,10/9/18 04:00,10/9/18 04:00,2.34,12:03.9
781832794,10/10/18 04:00,10/10/18 04:00,2.35,11:57.2
785009136,10/11/18 04:00,10/11/18 04:00,2.38,11:55.4
788384622,10/12/18 04:00,10/12/18 04:00,2.38,11:57.4
813870249,10/13/18 04:00,10/13/18 04:00,2.61,12:05.5
813870248,10/14/18 04:00,10/14/18 04:00,2.63,12:05.5
813870247,10/15/18 04:00,10/15/18 04:00,2.64,12:05.5
813870246,10/16/18 04:00,10/16/18 04:00,2.62,12:05.5
820725345,10/17/18 04:00,10/17/18 04:00,2.62,11:58.3
827790307,10/18/18 04:00,10/18/18 04:00,2.65,11:57.4
835143755,10/19/18 04:00,10/19/18 04:00,2.7,11:57.4
859107643,10/20/18 04:00,10/20/18 04:00,2.76,12:04.6
859107642,10/21/18 04:00,10/21/18 04:00,2.92,12:04.6
859107641,10/22/18 04:00,10/22/18 04:00,2.92,12:04.6
867321424,10/23/18 04:00,10/23/18 04:00,2.91,12:04.6
884955109,10/24/18 04:00,10/24/18 04:00,2.88,11:58.5
884955108,10/25/18 04:00,10/25/18 04:00,2.99,11:58.5
893979331,10/26/18 04:00,10/26/18 04:00,3.05,11:58.2
922232599,10/27/18 04:00,10/27/18 04:00,3.05,11:51.5
922232598,10/28/18 04:00,10/28/18 04:00,3.1,11:51.5
922232597,10/29/18 04:00,10/29/18 04:00,3.12,11:51.5
932089845,10/30/18 04:00,10/30/18 04:00,3.14,12:04.8
942099863,10/31/18 04:00,10/31/18 04:00,3.15,11:58.4
948728571,11/1/18 04:00,11/1/18 04:00,3.2,12:00.5
965683008,11/2/18 04:00,11/2/18 04:00,3.23,12:05.3
965683007,11/3/18 04:00,11/3/18 04:00,3.28,12:05.3
965683006,11/4/18 04:00,11/4/18 04:00,3.3,12:05.3
965683005,11/5/18 04:00,11/5/18 04:00,3.29,12:05.3
970448194,11/6/18 04:00,11/6/18 04:00,3.29,12:05.0
975414252,11/7/18 04:00,11/7/18 04:00,3.28,11:58.4
980568174,11/8/18 04:00,11/8/18 04:00,3.28,11:58.2
991467594,11/9/18 04:00,11/9/18 04:00,3.36,11:44.6
1003284458,11/10/18 04:00,11/10/18 04:00,3.4,12:05.4
1003284457,11/11/18 04:00,11/11/18 04:00,3.42,12:05.4
1003284456,11/12/18 04:00,11/12/18 04:00,3.5,12:05.4
1009520322,11/13/18 04:00,11/13/18 04:00,3.7,12:04.3
1015995321,11/14/18 04:00,11/14/18 04:00,3.9,11:57.5
1022673638,11/15/18 04:00,11/15/18 04:00,3.99,11:58.5
1029610107,11/16/18 04:00,11/16/18 04:00,4.02,11:59.1
1059435136,11/17/18 04:00,11/17/18 04:00,4.05,11:44.1
1059435135,11/18/18 04:00,11/18/18 04:00,4.1,11:44.1
1059435134,11/19/18 04:00,11/19/18 04:00,4.13,11:44.1
1111226411,11/20/18 00:00,11/20/18 00:00,4.15,33:42.7
1059435133,11/20/18 04:00,11/20/18 04:00,4.15,11:44.1
1111226409,11/21/18 00:00,11/21/18 00:00,4.19,33:42.7
1067469874,11/21/18 04:00,11/21/18 04:00,4.19,11:38.0
1111226407,11/22/18 00:00,11/22/18 00:00,4.19,33:42.7
1084335386,11/22/18 04:00,11/22/18 04:00,4.19,11:51.7
1111226405,11/23/18 00:00,11/23/18 00:00,4.19,33:42.7
1084335385,11/23/18 04:00,11/23/18 04:00,4.19,11:51.7
1111226403,11/24/18 00:00,11/24/18 00:00,4.18,33:42.7
1110774344,11/24/18 04:00,11/24/18 04:00,4.18,12:04.5
1111226401,11/25/18 00:00,11/25/18 00:00,4.2,33:42.7
1110774343,11/25/18 04:00,11/25/18 04:00,4.2,12:04.5
1111226399,11/26/18 00:00,11/26/18 00:00,4.25,33:42.7
1110774342,11/26/18 04:00,11/26/18 04:00,4.25,12:04.5
1117583189,11/27/18 00:00,11/27/18 00:00,4.28,08:31.8
1119958748,11/27/18 04:00,11/27/18 04:00,4.28,12:04.1
1127380139,11/28/18 00:00,11/28/18 00:00,4.28,08:36.8
1129422210,11/28/18 04:00,11/28/18 04:00,4.28,11:59.0
1136936648,11/29/18 00:00,11/29/18 00:00,4.28,08:39.1
1139017629,11/29/18 04:00,11/29/18 04:00,4.28,11:58.1
1146674081,11/30/18 00:00,11/30/18 00:00,4.3,08:38.2
1148773773,11/30/18 04:00,11/30/18 04:00,4.3,11:59.1
1154562173,12/1/18 00:00,12/1/18 00:00,4.31,08:40.5
1162842877,12/1/18 04:00,12/1/18 04:00,4.31,11:51.4
1161748139,12/2/18 00:00,12/2/18 00:00,4.31,08:33.0
1162842875,12/2/18 04:00,12/2/18 04:00,4.31,11:51.4
1161913820,12/3/18 00:00,12/3/18 00:00,4.3,08:31.7
1162842873,12/3/18 04:00,12/3/18 04:00,4.3,11:51.4
1166183974,12/4/18 00:00,12/4/18 00:00,4.32,08:33.9
1167169036,12/4/18 04:00,12/4/18 04:00,4.32,12:06.2
1170698362,12/5/18 00:00,12/5/18 00:00,4.32,08:33.9
1171737350,12/5/18 04:00,12/5/18 04:00,4.32,11:58.6
1175463722,12/6/18 00:00,12/6/18 00:00,4.31,08:37.2
1176617188,12/6/18 04:00,12/6/18 04:00,4.31,11:59.8
1180681139,12/7/18 00:00,12/7/18 00:00,4.3,08:37.9
1181882611,12/7/18 04:00,12/7/18 04:00,4.3,11:57.5
1186574899,12/8/18 00:00,12/8/18 00:00,4.3,08:37.0
1220184125,12/8/18 04:00,12/8/18 04:00,4.31,12:04.5
1192474109,12/9/18 00:00,12/9/18 00:00,4.31,08:38.9
1220184123,12/9/18 04:00,12/9/18 04:00,4.31,12:04.5
1198310086,12/10/18 00:00,12/10/18 00:00,4.31,08:35.9
1220184121,12/10/18 04:00,12/10/18 04:00,4.31,12:04.5
1218767032,12/11/18 00:00,12/11/18 00:00,4.27,08:35.0
1220184119,12/11/18 04:00,12/11/18 04:00,4.27,12:04.5
1225316497,12/12/18 00:00,12/12/18 00:00,4.26,08:30.4
1226784809,12/12/18 04:00,12/12/18 04:00,4.26,11:58.4
1232071621,12/13/18 00:00,12/13/18 00:00,4.27,08:30.3
1233610185,12/13/18 04:00,12/13/18 04:00,4.27,11:57.5
1239311090,12/14/18 00:00,12/14/18 00:00,4.28,08:31.2
1240868547,12/14/18 04:00,12/14/18 04:00,4.28,11:58.9
1259019026,12/15/18 00:00,12/15/18 00:00,4.4,08:30.0
1261098222,12/15/18 04:00,12/15/18 04:00,4.4,12:04.2
1259019025,12/16/18 00:00,12/16/18 00:00,4.36,08:30.0
1261098220,12/16/18 04:00,12/16/18 04:00,4.36,12:04.2
1259019024,12/17/18 00:00,12/17/18 00:00,4.38,08:30.0
1261098218,12/17/18 04:00,12/17/18 04:00,4.38,12:04.2
1266565263,12/18/18 00:00,12/18/18 00:00,4.37,20:03.6
1268694251,12/18/18 04:00,12/18/18 04:00,4.37,12:04.2
1275567066,12/19/18 00:00,12/19/18 00:00,4.38,08:37.6
1276970462,12/19/18 04:00,12/19/18 04:00,4.38,11:58.6
1283547536,12/20/18 00:00,12/20/18 00:00,4.39,08:37.9
1285491639,12/20/18 04:00,12/20/18 04:00,4.39,11:56.9
1292378067,12/21/18 00:00,12/21/18 00:00,4.39,08:29.7
1303703553,12/21/18 04:00,12/21/18 04:00,4.39,11:56.8
1316788692,12/22/18 00:00,12/22/18 00:00,4.37,08:30.6
1334089137,12/23/18 00:00,12/23/18 00:00,4.36,08:30.7
1371322332,12/23/18 04:00,12/23/18 04:00,4.36,11:45.4
1334841289,12/24/18 00:00,12/24/18 00:00,4.36,08:30.1
1371322330,12/24/18 04:00,12/24/18 04:00,4.36,11:45.4
1352900462,12/25/18 00:00,12/25/18 00:00,4.35,08:32.0
1371322328,12/25/18 04:00,12/25/18 04:00,4.35,11:45.4
1353291901,12/26/18 00:00,12/26/18 00:00,4.35,08:31.4
1371322326,12/26/18 04:00,12/26/18 04:00,4.35,11:45.4
1368527427,12/27/18 00:00,12/27/18 00:00,4.34,08:31.0
1383662741,12/27/18 04:00,12/27/18 04:00,4.34,11:43.9
1380769073,12/28/18 00:00,12/28/18 00:00,4.33,08:29.9
1392367424,12/30/18 00:00,12/30/18 00:00,4.35,08:39.0
1392367423,12/31/18 00:00,12/31/18 00:00,4.32,08:39.0
### End of data,,,,